count	gens	lnl0	sel0	loc0	lnl1	sel1_0	loc1_0	sel1_1	loc1_1
20	500	-71387653.0476824	0.0127685020273107	0.0896854168211391	-71387592.7175316	0.00816567406165747	0.0896448916436268	0.00629551335202694	0.111191691499204
20	500	-71380947.5849904	0.0122429979579425	0.110588473465832	-71380861.9360726	0.00686764001494	0.0900533325591848	0.00834927737322588	0.110595152295495
20	500	-71442984.6022765	0.00907959014512694	0.110098973910781	-71442903.2505381	0.00650243912859494	0.0896813423137154	0.00586569872918308	0.110116516269754
20	500	-71332818.3377298	0.00783274437833459	0.110215975429529	-71332785.9071206	0.0037685637537086	0.0903159075194522	0.00626103980022574	0.110278635051402
20	500	-71385034.6607004	0.0139690693957961	0.0922572353775679	-71384939.7248144	0.00834376681994098	0.0904888727148521	0.00744888923681952	0.110452925774755
20	500	-71520453.4612814	0.0202337934182186	0.110213704337675	-71520363.1928007	0.00789569752362118	0.0900452405434297	0.0120987576342124	0.110350844606928
20	500	-71496472.4361158	0.0104867617889219	0.110213669681537	-71496374.1518284	0.00724519248118938	0.0899097765351324	0.006907700323868	0.110214140811101
20	500	-71361581.3381951	0.0135417559190348	0.0900474925787993	-71361474.5081201	0.0081544564130096	0.0900780645731115	0.00734505216652892	0.109709710584504
20	500	-71419946.8642202	0.0127323764961982	0.0904956883511531	-71419878.5154448	0.00863085737075875	0.0901243985205041	0.00572788658938439	0.110225744155601
20	500	-71452612.3231769	0.0180608135511185	0.110088665172415	-71452502.0716082	0.00925653115870384	0.0900351388894306	0.00845537692907461	0.110213711316352
20	500	-71345019.1477192	0.0224868473254793	0.110588660978999	-71344928.2197774	0.00793588685527957	0.0904969892528559	0.0114575398399912	0.11059076982366
20	500	-71355964.3274825	0.0204107839566557	0.110090705582245	-71355840.0091983	0.00928639178670865	0.090685344548438	0.0110373623333516	0.110270504965796
20	500	-71403704.0928144	0.00915502769822507	0.0900409351402231	-71403636.0910518	0.00585222829233745	0.0900356819864194	0.0063791444280652	0.110047609190075
20	500	-71376751.6052621	0.0178251720348011	0.0909566996550439	-71376685.0123459	0.0113483486579647	0.0908717303188098	0.0059231888987421	0.110084171828996
20	500	-71436020.2998898	0.0091386465983424	0.110138081722814	-71435942.7178435	0.00612031853148876	0.0900335295066013	0.006033203295428	0.110161368570474
20	500	-71375108.4495912	0.00912045567141895	0.110585457034707	-71375054.695195	0.00488108830809308	0.0901470402002772	0.0067172159186405	0.110410375603137
20	500	-71430325.882412	0.0116193619101683	0.0896301123902135	-71430256.8526341	0.00833142409268395	0.0896189359872602	0.00552282404606463	0.109954484706806
20	500	-71378338.9988173	0.013201729833724	0.0900434743146873	-71378270.4082029	0.009516761987581	0.0900391141234295	0.00540635555834434	0.110349617404196
20	500	-71398487.3419543	0.00982342836392169	0.11021265474214	-71398437.8410242	0.00457069801833088	0.090207734612679	0.00751578799601438	0.110215516133155
20	500	-71384319.1635531	0.00971712646675249	0.0896850389482639	-71384274.6463581	0.00760366719543282	0.0896812558313007	0.00409601159215189	0.110362916961835
20	100	-71389287.6151513	0.00722734415739801	0.0850026485309615	-71389287.6058662	0.0072239209751499	0.0849885724132784	0.00034124981162198	0.100376304203972
20	100	-71310484.3243553	1.82351963196048e-07	0.107381520883346	-71310484.3289405	8.56918741631851e-07	0.0741390782051065	1.67617720092661e-06	0.101163629937471
20	100	-71314403.78115	0.00601871805399967	0.0933761116856864	-71314403.1079111	0.00464057390572714	0.0934597788137166	0.00192593422230358	0.112925451052976
20	100	-71370720.6930193	0.00613444029993948	0.0934962382330943	-71370720.710282	0.00609566604647049	0.0934779518473206	5.69435344981439e-05	0.100386229973008
20	100	-71353402.8610374	9.57189595982566e-05	0.128394536297407	-71353402.8661616	8.62435010740015e-07	0.0993754478866447	9.50567394764068e-06	0.106964816579553
20	100	-71398313.8120841	0.00304324305548942	0.08964330897137	-71398313.8867463	0.00253097901302046	0.0897341353256494	4.53751147219128e-05	0.110660106511418
20	100	-71381565.6501045	0.0162547555560907	0.097940320822854	-71381565.5058106	0.0144295940951696	0.0979647492959948	0.00151048727326564	0.107562243723506
20	100	-71365780.3099149	0.0092721393865417	0.0887431993317328	-71365780.340781	0.0090825552028877	0.0887541115847313	2.48295647709007e-05	0.101226995780022
20	100	-71409441.424435	0.00192152711376714	0.129998089827095	-71409441.486134	1.29718631852738e-05	0.0713953895684205	0.0016059990917987	0.129917980061004
20	100	-71399074.7641669	0.00220342986964284	0.0996473979252248	-71399074.8218158	0.00202112307599889	0.0993119569810634	3.17976064363457e-05	0.100049313410674
20	100	-71391788.3454532	0.00613130041238297	0.129355537659041	-71391788.4471362	6.63715590132341e-06	0.0706426105936452	0.00704759232568897	0.129356350266742
20	100	-71430264.0433564	0.0190734394748633	0.0815578725916762	-71430264.0599046	0.0188081761071037	0.0810787038513369	0.000557835277762431	0.117710154400836
20	100	-71398768.4861937	0.00761179170278869	0.104313877817905	-71398767.8616213	0.00353042077189547	0.0813736176272585	0.00513056239283705	0.104282066560239
20	100	-71410972.6836294	0.00878198288031817	0.120430886097033	-71410970.7495402	0.00412532367271268	0.0701207297363183	0.00763735600436111	0.120444395637604
20	100	-71343824.710559	0.0114953238553285	0.0803591896102863	-71343823.4407952	0.0101280712346689	0.0803592864963319	0.00255600321466665	0.106694972054901
20	100	-71331646.5175701	0.00607285667520863	0.0796249466463809	-71331646.5520039	0.00625282466087551	0.0796335167841268	0.00010216952796982	0.11592202634365
20	100	-71356256.2338873	0.0158146536977959	0.114015451027705	-71356256.1023919	0.00132098262886648	0.0911674724468307	0.0154845510252313	0.114034144981241
20	100	-71366622.2988897	0.0068913267750238	0.111637678035124	-71366622.3032954	1.37702242241078e-05	0.0925227002773724	0.00696896603912545	0.11163582677792
20	100	-71354713.8058732	0.0108885513179944	0.109736698965306	-71354710.966389	0.00670856246697027	0.0916528656520302	0.00668308385073746	0.110792507342931
20	100	-71362788.708013	0.00970382205715015	0.091142314864177	-71362788.7178356	0.0095854629787262	0.0911641753763623	9.35559886883208e-06	0.103932651493531
20	200	-71387771.0909772	0.0134710659012899	0.111304566873966	-71387733.621198	0.0102898740648807	0.0901719597858915	0.00905542087969846	0.118348897882585
20	200	-71335853.8831586	0.0119380300811961	0.0908669787672867	-71335838.6950603	0.00672535466093394	0.0908281596978176	0.00717153052085995	0.109626119089233
20	200	-71425012.302183	0.00620712639748588	0.0892144493002355	-71425010.9614602	0.00491810455456176	0.0888685949303533	0.00203214524210005	0.10148000447043
20	200	-71397863.736157	0.0060080303951503	0.0700008688300253	-71397861.6363409	0.00613727224844141	0.0700015437773143	0.00154915511133646	0.108568286049276
20	200	-71390913.5019055	0.00702031068068021	0.0894549992789732	-71390913.2886354	0.00706979693555176	0.0894658451126608	0.000508657569196935	0.104654579175938
20	200	-71307529.9476657	0.0117488336600245	0.106083394275597	-71307523.2255979	0.00415537513396447	0.0787748128343345	0.00965801982625247	0.10732651879973
20	200	-71340047.0707842	0.0101625524884743	0.105321950511603	-71340036.7965731	0.00610831469800432	0.0889178932115515	0.00666013359069983	0.109857412385982
20	200	-71434719.5331393	0.0143061088089812	0.10921244545684	-71434694.7749389	0.00891523903255287	0.089604031585606	0.00893449184369577	0.109249965643081
20	200	-71388860.0589765	0.0104309661388644	0.0923129860459115	-71388855.0304628	0.00786438778872878	0.092175833757378	0.00384799544921666	0.110686767478483
20	200	-71382652.889442	0.00800515991499895	0.105965173964784	-71382643.4960427	0.00459525446600118	0.0909548771288085	0.00572284636035958	0.109534137878827
20	200	-71396162.3151499	0.0057542966797095	0.0933876944897559	-71396161.6744875	0.00522329512061048	0.093402020137663	0.00075715694651779	0.108259253473948
20	200	-71350557.1933372	0.0120931694532859	0.121453759419712	-71350543.0206076	0.00616345932916307	0.0921464854223916	0.00932433078011485	0.121444379731002
20	200	-71409638.7889861	0.0131076762358618	0.102828679362641	-71409626.2149198	0.00579677717973492	0.0798399163000998	0.00980038715349973	0.10280664293548
20	200	-71393849.6627143	0.00767640795410074	0.115260210495025	-71393843.9298585	0.00366650576557914	0.0906105563779547	0.00587802144602856	0.116204023906911
20	200	-71371678.9205667	0.00834405453097775	0.0825023659977183	-71371676.4656364	0.00724497289220671	0.0823696484025483	0.00176397146698781	0.110283873679154
20	200	-71317614.8098902	0.00890226000028471	0.100892318099421	-71317610.6349544	0.0054140116573278	0.0997488352684429	0.00474610543092036	0.11242863459574
20	200	-71392470.5709211	0.00968786124690213	0.107112908892229	-71392464.6929572	0.00447692361826368	0.0851781901654153	0.00808645606006964	0.10708802852671
20	200	-71389360.7848511	0.0120841033078518	0.0923204816944569	-71389348.0613846	0.00933103170821803	0.0922987389806384	0.00566184232068123	0.120064108443618
20	200	-71402456.9208587	0.0135032360394605	0.0938374625693971	-71402438.371645	0.00881861953695406	0.0898659452164352	0.00765113297264253	0.109555814606203
20	200	-71395239.5731633	0.00486757867644139	0.110311843467985	-71395239.5952471	9.29672990723773e-06	0.0895479762463302	0.00503612988552782	0.110434890193153
20	1000	-71378266.0819632	0.00999224031273593	0.11012517375707	-71378131.6413504	0.00446627039514025	0.0894887714047058	0.00684799572268602	0.110112587154129
20	1000	-71462569.3804438	0.0157078367120084	0.109442885181293	-71462382.4037382	0.00677451995938161	0.0896909997989502	0.00811982462701599	0.10952808509727
20	1000	-71511266.3108964	0.0161420889333631	0.0900362412457517	-71511099.9123839	0.00991583067128954	0.089886366155457	0.00530594951575492	0.109362304632847
20	1000	-71404467.3211366	0.00898593997032515	0.11011227995156	-71404268.0889072	0.00590329281795898	0.0892899235308207	0.00607607565008994	0.11015811904514
20	1000	-71425716.933769	0.0152085562353363	0.110588243371853	-71425561.0164163	0.00508538892207377	0.0896437524950177	0.0102015037897139	0.110585214738901
20	1000	-71479186.3204417	0.0177111976975085	0.108860252890364	-71479036.5538617	0.00603604638879196	0.0898942152479304	0.00900501508260121	0.109767277987155
20	1000	-71381510.4793462	0.01349600487693	0.0903558911285254	-71381362.7703142	0.00845594255099513	0.0898820132657654	0.00438775389607537	0.110348070921255
20	1000	-71375426.7742377	0.0128615693578589	0.110588030795028	-71375294.004346	0.00441270568245888	0.0901907550384309	0.00873482801206193	0.110588159453001
20	1000	-71460889.7803864	0.0171160025217286	0.0900442695494731	-71460666.6149699	0.00952281151885648	0.0900435560515027	0.00687593158546118	0.110639303408111
20	1000	-71454196.9359066	0.00879120373547893	0.0921420151305691	-71454026.2966272	0.00617771001347911	0.0900448947488664	0.00587521582552519	0.11012894947256
20	1000	-71415485.4114115	0.00802815643092336	0.110245447295082	-71415363.4099288	0.00404083938237176	0.0900916067359791	0.00579084123459495	0.110253389195534
20	1000	-71386597.4408665	0.00873841542810316	0.110101240606184	-71386416.6778066	0.00571637742561548	0.0897003693648091	0.00479279497920571	0.109536064924984
20	1000	-71417348.3915903	0.0119482154934474	0.110091959182219	-71417202.3822014	0.0050521137687245	0.0900809848962301	0.00725808254813554	0.110117899784332
20	1000	-71429940.7162756	0.00836834906039696	0.0903575932457903	-71429768.7377825	0.00538054601288829	0.0902032148425153	0.00481659356210096	0.10985872371301
20	1000	-71451714.814555	0.0210435063056168	0.0906855264733576	-71451508.4223749	0.0117682784666171	0.0906779855438776	0.00705131621523791	0.110113454699875
20	1000	-71405110.3533023	0.0127579637915282	0.0900444536053159	-71404887.8010211	0.00718163350776724	0.0900723238581937	0.00669322005042761	0.11011115544418
20	1000	-71437035.6186076	0.0122291175858527	0.0904034918945834	-71436864.3144142	0.00702970875972286	0.0901963908799942	0.00542696111209851	0.110586666870136
20	1000	-71482829.5597874	0.0248350804321555	0.0898930300842985	-71482614.4154698	0.0148900043407388	0.0894159955803337	0.00759222268846749	0.110111412930562
20	1000	-71447636.4936209	0.00725514729657317	0.090748826590545	-71447525.4311538	0.00564014320349904	0.0901978808048123	0.00299008911999354	0.109985384651991
20	1000	-71363429.3768999	0.0166150731554139	0.110588474548231	-71363220.3136302	0.00761970137657841	0.0900430227775429	0.00846051331957387	0.110589343599171
