count	gens	lnl0	sel0	loc0	lnl1	sel1_0	loc1_0	sel1_1	loc1_1
20	100	-71405718.2697306	0.00594528754620416	0.0965366555677541	-71405718.5440726	0.00341528742465325	0.085014810034466	0.00277721340808101	0.100266737212251
20	100	-71364657.6351335	4.55276749633526e-08	0.0837654746236024	-71364657.66246	8.08241293959178e-06	0.0933171069258553	1.36169061892844e-06	0.108354612377368
20	100	-71403067.5167718	0.00117243904615427	0.0702936463188183	-71403067.5214032	0.00115767418887469	0.0703257251051203	3.00714441825445e-06	0.100562539209236
20	100	-71346415.2698845	0.00274256975153875	0.0769023938453209	-71346415.2774102	0.00244005690254989	0.0776646428780901	6.60609217961738e-06	0.102266374549412
20	100	-71329471.412449	0.00118574024329521	0.0702379437085418	-71329471.4140222	0.00104547544422817	0.0702635406937147	2.55176702113058e-06	0.100711268520565
20	100	-71383341.6326143	0.00214142649279792	0.0880638117492265	-71383341.6401711	0.00199821426576485	0.0881364233316633	6.58160529842799e-06	0.108574395060664
20	100	-71386512.9913149	0.00159056149906645	0.0739549351553486	-71386512.9979374	0.00122532927372754	0.0739319822722619	9.7971062018587e-07	0.103708625359874
20	100	-71352995.2180338	0.0105196271940183	0.076711430536072	-71352995.6070101	0.0103638447676109	0.0703536929861076	4.06026024046824e-06	0.10603799094746
20	100	-71365046.5722127	0.00180132519685228	0.129995529752654	-71365046.6312416	4.70489494881488e-05	0.0707312350090666	0.00140632140480712	0.129993374706528
20	100	-71375004.8953421	0.00449943667162211	0.121487456394841	-71375004.866878	1.20242327672493e-06	0.0787791664769782	0.00508411459826696	0.121454958992679
20	100	-71344778.9590862	9.10632661499378e-08	0.129876071426494	-71344778.965333	4.3106767846357e-06	0.0717707492561905	4.01998018939587e-06	0.116501721631991
20	100	-71336722.0918945	0.00728961819024687	0.0954459702102045	-71336722.1005067	0.00724309010028545	0.095507726000817	6.18171921829003e-06	0.103161814210639
20	100	-71376741.8391133	0.00931992847463525	0.0881173559208384	-71376741.8906963	0.00882143741607355	0.0881465230926369	3.28261171783639e-05	0.100239385023359
20	100	-71381667.5160609	0.00593396127628787	0.0933239231255586	-71381667.516367	0.005662348174308	0.0933237950287261	0.000396521357519775	0.103496696001493
20	100	-71355378.4568026	2.05959490351404e-06	0.0978816695412378	-71355378.4571218	1.66102430465553e-06	0.0709030092126691	4.52639604686667e-07	0.101858108671591
20	100	-71379862.2509336	0.00068158290962772	0.108787931106746	-71379862.2609289	4.9467387979174e-06	0.0909593144664679	0.00086890484940938	0.108938912416142
20	100	-71372117.8007309	1.86589580275509e-06	0.12753966352023	-71372117.8076278	2.79072145270565e-06	0.0715426345551593	1.06151300333091e-05	0.102314374684301
20	100	-71341915.4701509	4.58446957285474e-07	0.0765004875551325	-71341915.4761506	2.79849426354506e-06	0.0789373566752602	5.25867717149353e-08	0.106864329721963
20	100	-71369076.776501	0.00349360589526526	0.0952561482562916	-71369076.7852508	0.00351316844490701	0.0952655525912969	8.42424916858153e-06	0.105906399178947
20	100	-71309566.4877161	0.0124833355282155	0.119862800880272	-71309564.2422419	0.00396305935740948	0.0895647750829253	0.00982928973868091	0.119791767242747
20	200	-71414156.5673942	0.00622621769100384	0.0819523530492233	-71414156.4189953	0.00613166591311687	0.0818842884903092	0.000708704839271102	0.10217263697713
20	200	-71399616.3204592	0.00327475415173317	0.0882615342153645	-71399616.4077098	0.0037742771230399	0.0882620652719725	8.72612465729894e-07	0.103055475151103
20	200	-71369702.4509661	0.005945232326942	0.129989998271316	-71369692.7583249	0.0045181196968519	0.0808760696967854	0.00554785365799337	0.129904883452244
20	200	-71399743.0883301	0.00616191079701511	0.106050868930163	-71399742.1511679	0.00317489427532647	0.0906473678346783	0.00361732776266677	0.117950286827034
20	200	-71360739.9726593	0.00307417131750576	0.0936583785435495	-71360740.0529754	0.00312558291549581	0.0936774516583843	3.49634490269812e-05	0.10307276347856
20	200	-71363237.3328611	0.00152218059322151	0.0909431849116118	-71363237.38907	0.00130960577227524	0.0911645747757774	5.30079989236043e-07	0.104408530778124
20	200	-71360504.3942513	0.00781304710497177	0.0895646600157882	-71360503.1347728	0.00744042868265049	0.089720161851958	0.00137281720178128	0.129351773273829
20	200	-71350893.1638873	0.00389831989681189	0.0803158587965495	-71350892.9126894	0.00340677710054293	0.0830341832521348	0.000747261890797435	0.100099722382505
20	200	-71347907.5747243	0.00641336211015042	0.0883673239987397	-71347903.9681933	0.00411529883442574	0.0882380898387983	0.00356750530322347	0.101185140965349
20	200	-71416021.0977993	0.00889274282373753	0.0852592837037889	-71416021.1312952	0.00891776386649068	0.0853195409117916	1.23571066035222e-05	0.105963459907232
20	200	-71369994.3806791	0.0064915053195137	0.0807904234326302	-71369993.7996893	0.00560450060248296	0.0807960621255831	0.00129754433447671	0.103353895853822
20	200	-71392455.0348249	0.00674051121447761	0.0895535575894403	-71392455.042021	0.00666607447667389	0.0895549944055613	3.13780116800721e-06	0.102194412320255
20	200	-71385690.4115092	0.00461280441891998	0.0848634506075843	-71385688.9031033	0.00338102841904964	0.084890444337207	0.00204926677209682	0.101231339566466
20	200	-71395319.0247003	0.000454852523799731	0.0826742429665168	-71395319.0662278	0.000536614734017227	0.0804963391649754	1.84174671044035e-05	0.10073987079427
20	200	-71321676.9532692	0.00470702347768848	0.0965437359154553	-71321676.823987	0.00414216978989679	0.0964986296927575	0.000955853829029851	0.113573113128222
20	200	-71366834.0641802	0.00601026297641971	0.0907650152166369	-71366831.9353033	0.00495834960837271	0.0907114460875426	0.0021274499687185	0.117945527378823
20	200	-71375950.2383301	0.00898260855798716	0.107457957708532	-71375943.404212	0.00461698705714031	0.0948240545468969	0.00623315976439254	0.107479891502896
20	200	-71378706.2672898	0.0132318687180528	0.0896703359286995	-71378706.2837256	0.0133745009548197	0.0896731216969603	3.5570658564188e-05	0.100133508190293
20	200	-71298206.5781529	0.0026994862141666	0.0934885118664513	-71298206.5717781	0.00255793545359084	0.0934738028513726	1.09642148549138e-06	0.100610682979955
20	200	-71308857.8816831	0.00271538827086626	0.104009437089805	-71308857.5221834	0.0015644343747625	0.0939595705070136	0.00113945778393398	0.116783892562363
20	1000	-71428980.0440177	0.00580190699656757	0.0900714834977122	-71428975.8232794	0.00540765631054207	0.0897535083290392	0.000518969894016785	0.109439059055516
20	1000	-71414034.3533204	0.00673377832326105	0.0902003720951349	-71414031.8842736	0.00663370019455123	0.0902003821001869	0.000394456725910541	0.12564115991857
20	1000	-71446961.5335062	0.0053595630831671	0.0894876072855794	-71446960.03863	0.00502898598869683	0.0894878831999355	0.000360809693349839	0.12144880592545
20	1000	-71368102.4047508	0.00781571148966065	0.0897004488396033	-71368102.4077252	0.00791447242431464	0.0897004556627406	8.13646197839191e-06	0.124964427976559
20	1000	-71386024.5538948	0.00448046936149127	0.0902007103580305	-71386022.6988014	0.00445456132741884	0.0902018885074362	0.000427728897194335	0.108225645075327
20	1000	-71499454.41087	0.00485261214253108	0.0899706145462698	-71499454.4232644	0.00484560207637719	0.0899539357782312	0.00012486596043948	0.100656906530384
20	1000	-71379503.3882301	0.0101174415298869	0.0896657602361338	-71379480.8803859	0.00859917255007947	0.0896972308798151	0.00138151078048732	0.113930086276909
20	1000	-71394565.878737	0.0087130766083463	0.0899509224345381	-71394561.2253305	0.00804837972957695	0.0899499700412512	0.00061281138227931	0.11064565204861
20	1000	-71440445.3997254	0.00529613534092543	0.0900961659456162	-71440444.4762468	0.00507205715889492	0.0901977987861271	0.000356084533677969	0.124197500842983
20	1000	-71447054.7243671	0.00610812312456344	0.0900715366573024	-71447013.8569338	0.00528287581138143	0.0901006156984141	0.00206727253876138	0.117104433465337
20	1000	-71410727.7721988	0.00901760406157381	0.0900683165457339	-71410727.3054122	0.00837169060204224	0.0900739940898117	0.000242923309874077	0.100152637810938
20	1000	-71404448.9296515	0.00817726559290066	0.0903300727315135	-71404429.6353982	0.00737923323414769	0.0902599539219916	0.00134023970074393	0.120342205110303
20	1000	-71456702.6289818	0.00427741775837098	0.0897539154253061	-71456701.3358843	0.0042313519132815	0.0897543660904526	0.000310732513079559	0.124425265563233
20	1000	-71340264.7382469	0.0054704720897234	0.0898919412236251	-71340264.7805253	0.00548152247934086	0.0898916189516112	1.14309756760189e-06	0.101482589951604
20	1000	-71403220.1707094	0.00375681423270924	0.0894230378179526	-71403220.1676876	0.00379839850506147	0.0894205128452724	7.26384763782839e-07	0.105682591834565
20	1000	-71407729.3154333	0.00679106803443019	0.0897547393436916	-71407726.8232669	0.00643322841336713	0.0897554264073	0.000769624388723966	0.110340751105057
20	1000	-71425817.5563301	0.00533769010493201	0.0898909907428727	-71425815.0973508	0.00517487077975287	0.0898900810628199	0.000287749516845959	0.114752127156177
20	1000	-71338415.9117716	0.00538667658264169	0.0900959704932604	-71338416.0502731	0.00517158992179689	0.0900965184602111	1.00496679978912e-05	0.103337394715071
20	1000	-71421831.7403397	0.0053096489499066	0.0901993459434161	-71421829.8167492	0.00547555036972547	0.0902001573070723	0.000328750372278197	0.126067913863409
20	1000	-71415670.5487333	0.00367823001564982	0.0897004091117371	-71415670.5550338	0.00368043220239955	0.0896997412297169	9.16600484401897e-09	0.120110983779978
20	500	-71378797.1051667	0.00418375319309328	0.0888613374527408	-71378794.7982118	0.00383917756760865	0.0888943542697149	0.00112141623374129	0.10285243201288
20	500	-71452545.1757201	0.0091815231130592	0.0898821555499335	-71452529.1218774	0.00886863717483122	0.0898709537180375	0.00250132690549743	0.128151665775063
20	500	-71380518.3877598	0.00486922679778345	0.0893867678440869	-71380518.4074442	0.00491314441026069	0.0893841200653867	7.23467106801268e-05	0.10047583686539
20	500	-71413002.5700583	0.00362734629761252	0.0897038644382359	-71412989.1725605	0.00237539481364979	0.0897072013496121	0.00220717318612884	0.105408340245759
20	500	-71362630.633273	0.00715991821880657	0.0899034814494187	-71362630.5230677	0.00694529212001216	0.0899102123124813	0.000442481244067205	0.102222205017731
20	500	-71381322.0365831	0.00843296614379929	0.0900440079384106	-71381313.2238947	0.00771840346199804	0.0900451526226638	0.00184703005681341	0.12364779909989
20	500	-71365601.8900319	0.00470783483848947	0.0900963263445017	-71365601.9073553	0.00476873229838048	0.0900963651567565	8.35520344022456e-07	0.102893968171453
20	500	-71376686.2097201	0.00651961488482766	0.0897545905378027	-71376686.2529982	0.00641560302303479	0.0897023284610155	1.68171450876109e-06	0.100702559222938
20	500	-71394639.5220027	0.00585598633553053	0.0909902867684169	-71394639.5565255	0.0059264512754853	0.0909751565731246	7.45858062034532e-06	0.108498729881263
20	500	-71394895.6711145	0.00475667558809922	0.091061046668666	-71394895.7418225	0.00477740474224642	0.0910060113065868	1.97443531069208e-05	0.104601501899605
20	500	-71381349.5584201	0.00637576060480272	0.0893465853183413	-71381344.9404467	0.00572879194807696	0.0893006259509192	0.00122947749448887	0.112831669470686
20	500	-71373317.8125235	0.00690277717225951	0.0872385078164435	-71373317.8293189	0.00705614934250376	0.0872402180939179	3.5964586845294e-06	0.109438490729421
20	500	-71394729.6803403	0.00816988929749751	0.0921413742519402	-71394719.2959926	0.00717619773920963	0.0920128014408688	0.0021573265263678	0.11026856852009
20	500	-71442345.2737858	0.00486088357886982	0.0901084564346978	-71442345.1211562	0.00482924852111688	0.0901100607305442	0.00031714003878236	0.102780991868229
20	500	-71382937.9977444	0.00615396796888246	0.0900795262455999	-71382927.7022158	0.00567814824453283	0.0900837155550922	0.00178632748790886	0.125163103481717
20	500	-71387293.2743435	0.00785470365644636	0.0900633875578217	-71387293.2802508	0.00787860183969169	0.0900737805995949	9.51154322081926e-07	0.101563010321092
20	500	-71337661.7423277	0.00708186711619785	0.0897030911341877	-71337661.7926373	0.00714876564773748	0.0897097784739176	2.75191442411504e-07	0.106792905435072
20	500	-71344508.8262006	0.00356158627843739	0.0905997224854835	-71344508.8834036	0.0035890515965431	0.0906106050905985	7.74714819962163e-07	0.101561798354092
20	500	-71353666.4393512	0.00404641393637351	0.0897898470392429	-71353666.4652996	0.00395070218791227	0.0897574338487164	4.31346544860212e-06	0.102573518830552
20	500	-71412236.2799213	0.00653218428619184	0.0772631951154207	-71412221.0971874	0.00620286165501549	0.0772638326061359	0.00213949958610637	0.12333769298384
