count	sel	case	lnl0	lnl1	sel1_0	loc1_0	sel1_1	loc1_1
20	0.05	False	-152806022.868214	-152805885.675922	0.00257611236929012	0.0489626335299511	-0.00617600726061829	0.351496550635799
20	0.05	False	-152694883.214685	-152694673.967029	0.00395401913642668	0.055907787328377	-0.00752052871668774	0.351497612447826
20	0.05	False	-152738968.477048	-152738825.405324	0.00344386539387809	0.0543096972072693	-0.00586787745361161	0.350674994779315
20	0.05	False	-152728273.447833	-152728034.085597	0.00944214189113723	0.0524706937629789	-0.00380862778509394	0.348093956773594
20	0.05	False	-152807539.516648	-152807327.725031	0.00472577881249203	0.0497510809191472	-0.00697001404150543	0.352753761028413
20	0.05	False	-152666462.894446	-152666269.634312	0.00378399470798685	0.0505803102138536	-0.00728246438589353	0.351076228984192
20	0.05	False	-152856662.024257	-152856551.474321	0.0043145558094978	0.0423515856093393	-0.00380588073215837	0.351107999661346
20	0.05	False	-152878359.841477	-152878164.123891	0.00337949912060742	0.0498746731576236	-0.00786476406221004	0.351285115126582
20	0.05	False	-152748869.584321	-152748663.810527	0.00543786165649973	0.0602961129236867	-0.0061253743868821	0.352652859487759
20	0.05	False	-152693481.48409	-152693257.66898	0.00498133337018247	0.0499898328825764	-0.00710761204388999	0.351028400557807
20	0.05	False	-152699154.836858	-152698928.033332	0.00439085131452188	0.0502413129462714	-0.00815720800988196	0.346637197369606
20	0.05	False	-152743284.031399	-152743048.083063	0.00472405471150694	0.0481058951288437	-0.0075319759124346	0.346700901525287
20	0.05	False	-152750376.69896	-152750175.802964	0.00503423287999738	0.045814374367652	-0.00612059043313296	0.350429996977176
20	0.05	False	-152731236.942175	-152731027.960581	0.0037414327501416	0.0487009243305473	-0.00787483706758962	0.350909659941938
20	0.05	False	-152750461.233442	-152750290.265146	0.00382454719453973	0.04978911637879	-0.00632319913765977	0.35211377300063
20	0.05	False	-152789892.602842	-152789762.353778	0.00362348325852135	0.0490833996521931	-0.00525628744127538	0.351031419126197
20	0.05	False	-152687428.896275	-152687197.518885	0.00351818404053883	0.0485885900684034	-0.00889675285460578	0.350433505084773
20	0.05	False	-152752898.87356	-152752765.177516	0.00353979823812778	0.0477148292744831	-0.00513142111735587	0.350433205031414
20	0.05	False	-152787184.58528	-152786961.927259	0.00415303127584854	0.0506704713598561	-0.0079314462309017	0.351499172221549
20	0.05	False	-152795471.108344	-152795293.021103	0.00421859609689723	0.0499866768151567	-0.00655079595217933	0.369854621518324
20	0.1	False	-152705236.453269	-152704947.586774	0.00754637884226383	0.0499402003641285	-0.00770322617607544	0.347679615229498
20	0.1	False	-152709823.604568	-152709383.771484	0.00694378827250708	0.0490617268540865	-0.0126107661604862	0.34944551475001
20	0.1	False	-152706569.546607	-152706234.17736	0.0086674472355146	0.0499844402675938	-0.00791523746841594	0.347928759832337
20	0.1	False	-152728497.833222	-152728201.987672	0.00614833254409664	0.0505617917187975	-0.00822020000560819	0.351280946981717
20	0.1	False	-152789727.230183	-152789338.394716	0.00809203721384144	0.0498467047514627	-0.0098226826687815	0.351080856582057
20	0.1	False	-152739091.569508	-152738886.26766	0.00383124019730641	0.05010798911015	-0.00757219906803885	0.352604700450281
20	0.1	False	-152781826.953369	-152781571.949893	0.0062581738961256	0.0499634711314376	-0.00720994110634887	0.35016954127722
20	0.1	False	-152726400.61456	-152726114.574237	0.00533647638811763	0.0439101237389365	-0.00884848246428116	0.351083601272011
20	0.1	False	-152750027.548069	-152749654.301269	0.00536930547042969	0.0506863771686763	-0.0124658604141688	0.3494461189665
20	0.1	False	-152768463.828014	-152768169.829481	0.0057443911731988	0.0506919572376914	-0.00898863161377572	0.350679720693122
20	0.1	False	-152761251.289846	-152761025.657448	0.00574852941365012	0.0524426051760914	-0.00683419749173897	0.351131381622729
20	0.1	False	-152787304.863928	-152787061.95643	0.00891459108831849	0.0500939056787428	-0.00398864729523796	0.350983484959368
20	0.1	False	-152705025.558941	-152704782.181359	0.00680448905065745	0.0507636050684563	-0.00632727362883778	0.351092955503896
20	0.1	False	-152806735.775129	-152806506.773381	0.00536936415423572	0.048980983677645	-0.0069826859840596	0.353523464396826
20	0.1	False	-152773441.180123	-152773097.367244	0.00678158998638478	0.0520863038892955	-0.00951407255029491	0.350612442815783
20	0.1	False	-152774894.461313	-152774582.187551	0.00608534387771453	0.0490261562987198	-0.00852717669465108	0.351082957732276
20	0.1	False	-152777551.639094	-152777182.288543	0.00393634763554063	0.0496421081158726	-0.0139080195155463	0.349446350981887
20	0.1	False	-152726341.785109	-152725998.659758	0.00626200931458198	0.0502606263078292	-0.00956604210899914	0.351282339678432
20	0.1	False	-152728496.738741	-152728068.960995	0.00734152481657879	0.0498404626023239	-0.0125298887325931	0.351859114474992
20	0.1	False	-152788851.40234	-152788492.882368	0.00733512635533407	0.0494353254374129	-0.00959661997536854	0.349444225251686
20	0.05	True	-152694704.154746	-152693224.081275	0.0231245260352945	0.0498395214206828	-0.0417236953713422	0.34993486940952
20	0.05	True	-152815443.044782	-152814309.461927	0.0246816907457335	0.0497970064155608	-0.026162507428152	0.351492056243177
20	0.05	True	-152766015.73761	-152764707.924452	0.0173009695914634	0.0498400103858142	-0.0442253024897561	0.349930828465269
20	0.05	True	-152679652.967364	-152678135.414524	0.0219567934624548	0.0498399718077391	-0.0460825984972266	0.350353383312468
20	0.05	True	-152721090.742841	-152720021.473829	0.0224140994572469	0.0499205084348746	-0.0247273713174105	0.35043398188075
20	0.05	True	-152820124.295514	-152818781.806519	0.0343970493387687	0.0502927211360357	-0.027363365874532	0.351858614700283
20	0.05	True	-152750455.489788	-152749015.824387	0.0218119724581052	0.0499377080949136	-0.0419270534702336	0.350428635573652
20	0.05	True	-152767565.724221	-152766253.216601	0.0274858443560161	0.0498695185181973	-0.0275211218012241	0.351492141239572
20	0.05	True	-152819192.391812	-152817898.5191	0.0292631309948961	0.0498285185216331	-0.0283550266759929	0.350433744189692
20	0.05	True	-152780431.620772	-152779230.013605	0.0116449721670204	0.0499623923985733	-0.0405227826345096	0.351281074814511
20	0.05	True	-152848703.05111	-152847441.591848	0.0203602877025385	0.0498444217925069	-0.0388600135806694	0.350433395599061
20	0.05	True	-152729990.052326	-152728623.092702	0.0181715419467487	0.0514192145008582	-0.0436044548063397	0.351141840034162
20	0.05	True	-152835439.053307	-152834343.688326	0.0244136790980207	0.0501149214020793	-0.0207035424387079	0.350680804677147
20	0.05	True	-152739715.237965	-152738518.303198	0.0209619889324386	0.049826661904428	-0.0300261059802267	0.350612167223938
20	0.05	True	-152823112.663515	-152821536.076838	0.0212604469592281	0.0500846811335844	-0.0639594990611656	0.351492204360207
20	0.05	True	-152789201.40769	-152787707.154511	0.037457587880349	0.0500538356510664	-0.0308919145216133	0.351083601354154
20	0.05	True	-152642144.372861	-152640864.529627	0.018637517928961	0.0498388849985944	-0.0352495132101296	0.35032477933972
20	0.05	True	-152744637.630694	-152743439.188776	0.0150538605466	0.0515796746795143	-0.03926649417341	0.350611315387649
20	0.05	True	-152769572.6048	-152768311.874208	0.0223453432904417	0.0506966001107164	-0.0303473919950119	0.35044919504199
20	0.05	True	-152781511.404077	-152779995.564976	0.02749851096959	0.0499214955008295	-0.0469834852295732	0.355891509954741
20	0.01	True	-152784923.489854	-152784604.244789	0.00427281076400421	0.0500524396765073	-0.0109837831116375	0.350433376428751
20	0.01	True	-152782397.842481	-152782187.257063	0.00439672792690915	0.0496242600930386	-0.00786933535802703	0.349501890451261
20	0.01	True	-152854808.319115	-152854488.211837	0.00833689896939316	0.0490116780074482	-0.00674647941861051	0.349877842065753
20	0.01	True	-152825644.75645	-152825226.485729	0.00774388249806901	0.0496607710227919	-0.0101193411176714	0.350434442685848
20	0.01	True	-152766319.252433	-152766042.571982	0.00597016255193006	0.0500683779789134	-0.00828781720847194	0.350433831423164
20	0.01	True	-152824639.264257	-152824401.009564	0.0059675205495312	0.0495447121170806	-0.00705231109223381	0.343146727628669
20	0.01	True	-152801557.04392	-152801260.324797	0.00534964670709481	0.0501425805068341	-0.00889341533461607	0.351492482422683
20	0.01	True	-152830108.310403	-152829812.147388	0.00535033932312978	0.0496333385799352	-0.00891060971032309	0.350433938339189
20	0.01	True	-152756797.081684	-152756583.44944	0.00619922189187316	0.0499881014350212	-0.00564398330719729	0.350233095466672
20	0.01	True	-152759239.799337	-152758954.42689	0.00544033019632095	0.0496640638212614	-0.00862727979887556	0.350433299728479
20	0.01	True	-152816557.263051	-152816280.286991	0.00442593926502399	0.0506107824582709	-0.00954076606935006	0.351099112768917
20	0.01	True	-152837301.122006	-152837063.348161	0.00313242995727658	0.0462420666640353	-0.0093759703718419	0.35034470840378
20	0.01	True	-152761335.897556	-152760984.455925	0.00847898573105454	0.0501072106571022	-0.00833370878927076	0.350678129182793
20	0.01	True	-152779819.628251	-152779549.938483	0.010043742084566	0.0500870184743466	-0.00314613161513155	0.351159664319295
20	0.01	True	-152816502.317716	-152816160.100231	0.00621939883646794	0.0496367920779139	-0.00939469615618349	0.350347194802012
20	0.01	True	-152767205.729177	-152766954.783038	0.00648052651263042	0.0502552942991023	-0.00675545658064336	0.350684998129291
20	0.01	True	-152724779.143683	-152724505.148975	0.00716509802242737	0.0499953246849313	-0.00666404987083946	0.349640379866277
20	0.01	True	-152762558.71683	-152762275.338682	0.00621054731080306	0.0490451576894296	-0.00787701082744818	0.352031425723417
20	0.01	True	-152684023.347603	-152683739.427183	0.00496843930045565	0.0498616942842193	-0.00930976289044105	0.350434284647395
20	0.01	True	-152594167.794238	-152593860.307354	0.00419334946179384	0.0490091607686155	-0.0104630364018621	0.350081201816137
