count	sel	case	lnl0	lnl1	sel1_0	loc1_0	sel1_1	loc1_1
20	0.01	True	-152681951.717165	-152681899.229144	-0.00306957045564604	0.0609810000170821	0.00254288635711941	0.336228124395408
20	0.01	True	-152694778.867923	-152694733.115074	-0.00301589169202954	0.0390647849667932	-0.00209766250491294	0.36462862673191
20	0.01	True	-152764619.102398	-152764594.418355	-0.00203017557359519	0.0690371436846462	-0.00182008673513367	0.366874493022818
20	0.01	True	-152713468.856927	-152713386.242449	-0.00409691872063478	0.0545117833953492	-0.00294036462912506	0.367233715394341
20	0.01	True	-152722218.573824	-152722174.947503	-0.00152849380408715	0.0434824751514968	-0.00315047203368368	0.356511416573685
20	0.01	True	-152710122.165914	-152710086.330244	-0.00241251046522883	0.0333649818150785	-0.0022160159688025	0.362653895099321
20	0.01	True	-152838805.678575	-152838736.319609	-0.0013584776593325	0.0582833802564667	-0.00413509168565995	0.337355421493773
20	0.01	True	-152774707.57043	-152774662.496307	0.0020136117237165	0.0420524091321084	-0.00335424779392368	0.344494165327246
20	0.01	True	-152741504.560553	-152741467.175671	-0.00267780122595696	0.0487353229025026	0.00106095621604751	0.341972618903121
20	0.01	True	-152752907.829112	-152752887.214261	-0.00204761568297873	0.0509350182184619	-0.0014253245668514	0.34542269481702
20	0.01	True	-152746695.720022	-152746638.517649	-0.00166740760714168	0.0340329862039325	-0.00379665223891257	0.351122812582237
20	0.01	True	-152754695.937959	-152754662.345134	-0.00199650847934407	0.0314953813243764	-0.00264295774985546	0.331551834979605
20	0.01	True	-152781128.439497	-152781096.050969	-0.00281671565331187	0.0455854784382172	-0.0010885144333721	0.339513739850151
20	0.01	True	-152730453.557428	-152730410.977804	-0.00268721423778584	0.060380355685301	0.0016838679226775	0.356671490224315
20	0.01	True	-152735380.620607	-152735312.92607	-0.00370651254236898	0.0541987486439394	-0.00281173990566952	0.348637134730424
20	0.01	True	-152739242.000439	-152739209.7279	-0.00142686974648831	0.0389143374074447	-0.00251752243598724	0.330037348835401
20	0.01	True	-152682917.277147	-152682893.610735	0.0012223380927967	0.0473354595338043	-0.00218573539227429	0.336067643380168
20	0.01	True	-152730220.255515	-152730197.241108	-0.00171578215916379	0.0434294403209707	-0.00194561332080179	0.347178820258426
20	0.01	True	-152799300.718341	-152799279.153076	0.000504006422847425	0.0392458264194874	-0.00242910058677026	0.34738016991894
20	0.01	True	-152884703.142627	-152884656.030706	-0.00237322464197454	0.0605214105846071	-0.00276435081269133	0.330289791318413
20	0.05	False	-152796774.170225	-152796737.974472	-0.00248351281711789	0.0376014288909712	0.00212619584647233	0.366535891571722
20	0.05	False	-152774877.545706	-152774845.506548	-0.00230396756617179	0.0503652975124026	-0.00180263813277737	0.357438346764105
20	0.05	False	-152694873.269432	-152694842.884027	-0.00292248519661187	0.0324884686000246	-0.000969077391152373	0.350943043798895
20	0.05	False	-152709747.415085	-152709696.996594	-0.00272158871872463	0.0399318771759429	-0.00242694428830892	0.334515804077579
20	0.05	False	-152591885.181394	-152591839.05933	-0.00298067455817841	0.0301107501631133	-0.00203952744711344	0.356236489197233
20	0.05	False	-152727749.608831	-152727702.764769	-0.00278721424804362	0.0630758998149234	0.00238750896121587	0.361924229779112
20	0.05	False	-152808115.144458	-152808060.461768	-0.00332537381984399	0.0382540893636792	-0.00238217757973702	0.354146187591838
20	0.05	False	-152800470.268816	-152800424.837775	-0.00318434964892211	0.0569530941586415	0.00181718490298943	0.34825039975693
20	0.05	False	-152750349.81244	-152750323.008469	-0.00151328127788153	0.0527629454021759	-0.00197269462462568	0.339224463964677
20	0.05	False	-152838858.790836	-152838813.916414	-0.00236292904467006	0.0491751268087149	-0.00295823452751653	0.349466022281017
20	0.05	False	-152810008.858652	-152809914.046434	-0.00487646853028734	0.0333332353332737	-0.00266174344138426	0.333871290887396
20	0.05	False	-152883959.193695	-152883910.996964	0.00321587122631783	0.0347347613032295	-0.00233992377297865	0.344442060673222
20	0.05	False	-152773402.884149	-152773348.602963	-0.00379089091854312	0.049181684410256	-0.0013805103819633	0.357519365291668
20	0.05	False	-152780899.532035	-152780839.759428	-0.00298301672058443	0.0381885278612573	-0.00288294533174227	0.330005857853154
20	0.05	False	-152760919.570915	-152760892.235091	0.00237647048555811	0.0300344704377072	-0.0017148003955596	0.330019236250611
20	0.05	False	-152816507.230393	-152816471.388505	-0.00183865804359251	0.031463226958584	0.00274281406916721	0.354546913810391
20	0.05	False	-152716913.55248	-152716874.49556	-0.00250717668032863	0.0661246157417728	-0.00224914117128239	0.363728859338387
20	0.05	False	-152737792.756721	-152737756.960912	0.000754595730350305	0.0589661165473763	-0.00310263906343411	0.364157067081162
20	0.05	False	-152756877.759409	-152756838.151051	-0.00328402070848743	0.0351491891661461	-0.000884768810459402	0.348465779937149
20	0.05	False	-152847951.042952	-152847933.91267	-0.00180370456533185	0.0324845863962804	0.0013678886462769	0.349745750172348
20	0.1	False	-152751667.536802	-152751633.109481	-0.00264828695058106	0.0592103035810295	-0.00144985325996805	0.335355040194567
20	0.1	False	-152784563.999515	-152784532.175147	-0.00213614740867252	0.0692037067308758	-0.00245098427965407	0.330155378249544
20	0.1	False	-152795102.841274	-152795055.838727	-0.00127595641659872	0.0539655766749954	-0.00331178448731162	0.351579457779544
20	0.1	False	-152863292.598689	-152863251.574938	-0.00279675104507682	0.0532999540770607	0.00197360658944323	0.354636167552664
20	0.1	False	-152828463.089349	-152828449.731932	0.00159923443405108	0.0411130737122748	0.00092963879854524	0.354553125661494
20	0.1	False	-152776940.105442	-152776871.081866	-0.00257544467523885	0.0455943533097896	-0.0037526465366331	0.359539328301159
20	0.1	False	-152694167.551734	-152694091.821305	-0.00309575801476547	0.0336620558554474	-0.00368161998289285	0.367885998733918
20	0.1	False	-152824038.657878	-152824011.786005	-0.00136967286592315	0.0455974478584558	-0.00220700579277144	0.369687832973169
20	0.1	False	-152776557.592387	-152776537.604216	0.00117533426588001	0.0557933748266509	-0.00187714611374235	0.353409244267343
20	0.1	False	-152732643.969315	-152732625.517031	0.00212674099648658	0.0365099837045117	-0.00106377500343124	0.353275920106235
20	0.1	False	-152703408.520081	-152703357.0136	-0.00102061247075236	0.0489406993744883	-0.00371940987113839	0.361755439931965
20	0.1	False	-152827913.35374	-152827853.600886	-0.00282296421180139	0.051142750674683	-0.00317608964036276	0.369914192761012
20	0.1	False	-152797416.080913	-152797351.672018	-0.00248268113908368	0.0310279509155422	-0.00365892992602368	0.330013785535316
20	0.1	False	-152799504.923575	-152799471.526935	0.00155695533330957	0.0335361855941813	-0.0027271081342819	0.335703131217372
20	0.1	False	-152718612.058264	-152718569.115583	-0.00342934400346051	0.0435468785680877	0.000896876067212116	0.345992383453439
20	0.1	False	-152749861.975004	-152749821.781663	-0.00314773232297894	0.0389966415709766	-0.00155690154261601	0.354437690975448
20	0.1	False	-152759396.244951	-152759354.404948	-0.00174344344653288	0.0676849130751252	-0.00281627391469708	0.350920468056736
20	0.1	False	-152744480.426792	-152744460.174072	-0.00134224545631589	0.0509382646505287	-0.00144413515957553	0.358645110725865
20	0.1	False	-152854895.642411	-152854857.010572	0.0028717578116475	0.0685174295760501	-0.00188035519065499	0.343789858876055
20	0.1	False	-152696187.817545	-152696100.518605	-0.00395358227382148	0.0612466957731738	-0.00347525264618742	0.331681227545948
20	0.05	True	-152732263.891876	-152732205.550836	-0.0027528541002817	0.0669956748354673	-0.00302702398668009	0.355340598486478
20	0.05	True	-152807561.15553	-152807535.28263	-0.00165507323907121	0.062688292446414	-0.00211766436906258	0.338003094445903
20	0.05	True	-152682161.423168	-152682062.538205	-0.00418147832144156	0.030117428390572	-0.00376169624689737	0.354147391432406
20	0.05	True	-152766094.385983	-152766055.109031	-0.0027081047229518	0.0454602748016319	-0.00184949966885872	0.35750089603183
20	0.05	True	-152750258.325269	-152750202.690716	-0.00309796269747409	0.0394038469297007	-0.00263872000591903	0.348400841192583
20	0.05	True	-152719137.065945	-152719124.298286	0.0017232625381548	0.0664490098132492	0.00110300995144252	0.330039069752832
20	0.05	True	-152771276.985296	-152771250.439178	-0.00208824497726501	0.0453031546197052	-0.00174954591704712	0.344496971050396
20	0.05	True	-152789033.00547	-152789019.437709	0.00170311692663916	0.0580134496435419	0.00125268719276694	0.342708761801765
20	0.05	True	-152772898.707644	-152772889.56252	0.00111662062390427	0.0500260314013492	0.00122508615813843	0.345991428235419
20	0.05	True	-152777107.849016	-152777097.013317	0.000920067575502448	0.0462037427082122	-0.001390194996715	0.349993451751841
20	0.05	True	-152712521.867917	-152712492.195157	-0.00124801445250755	0.0542301140352094	-0.00278126613568586	0.346518565577863
20	0.05	True	-152764441.885452	-152764398.711683	0.00293346081949486	0.0537629132896123	0.00203295946768467	0.358424194450456
20	0.05	True	-152778325.620205	-152778271.628352	-0.00289907327986993	0.0381896658353857	-0.00290105447612077	0.353675154868608
20	0.05	True	-152794939.001513	-152794894.122028	0.000863344490604434	0.0374181003509671	-0.00336344630497099	0.330810790351641
20	0.05	True	-152778945.1865	-152778897.71264	-0.00305986606538733	0.0441161573390252	-0.00195948541248803	0.33284414323798
20	0.05	True	-152776974.774875	-152776948.209229	-0.00235302401279025	0.0636482554781347	-0.00142141287623576	0.357256963388244
20	0.05	True	-152758328.376538	-152758302.708981	-0.00188209741346657	0.0398621209710744	-0.00192281297034103	0.360390336429089
20	0.05	True	-152792559.443194	-152792490.286105	-0.00284577755888216	0.0477949527650555	0.00317683118409462	0.33553768830432
20	0.05	True	-152780343.905787	-152780321.631752	-0.00159810711680453	0.0314121147064945	-0.00215080877766671	0.347814808675934
20	0.05	True	-152782525.336345	-152782506.738907	0.00201633513815613	0.037245989305155	-0.00144521874846681	0.345543199778674
