count	sel	gens	dist	sites	null_lnl	alt_lnl
20	0.01	200	0.02	4	-71336053.3370316	-71336041.3343003
20	0.01	200	0.02	4	-71336833.6549459	-71336833.6768435
20	0.01	200	0.02	4	-71310127.5630144	-71310122.7810543
20	0.01	200	0.02	4	-71304269.0967542	-71304266.8044403
20	0.01	200	0.02	4	-71316755.424359	-71316741.7113068
20	0.01	200	0.02	4	-71257555.0571926	-71257549.5237065
20	0.01	200	0.02	4	-71304919.3977743	-71304901.4569906
20	0.01	200	0.02	4	-71337773.6107572	-71337766.007329
20	0.01	200	0.02	4	-71258232.3233604	-71258224.7867968
20	0.01	200	0.02	4	-71223834.7809415	-71223826.4369401
20	0.01	200	0.02	4	-71369672.0516456	-71369664.9945602
20	0.01	200	0.02	4	-71337602.0089181	-71337600.0374197
20	0.01	200	0.02	4	-71319275.2459669	-71319256.1341401
20	0.01	200	0.02	4	-71271125.9457029	-71271104.3750433
20	0.01	200	0.02	4	-71289316.337632	-71289313.7689485
20	0.01	200	0.02	4	-71296803.1309202	-71296790.8174792
20	0.01	200	0.02	4	-71333233.960201	-71333229.2542507
20	0.01	200	0.02	4	-71272870.3147374	-71272852.169341
20	0.01	200	0.02	4	-71276335.4228613	-71276335.2318822
20	0.01	200	0.02	4	-71341107.2485118	-71341079.0972894
20	0.01	200	0.02	3	-71243381.9615667	-71243371.7019193
20	0.01	200	0.02	3	-71300651.5816813	-71300647.6236797
20	0.01	200	0.02	3	-71331519.6298358	-71331514.5415824
20	0.01	200	0.02	3	-71238963.9337184	-71238957.6717968
20	0.01	200	0.02	3	-71290834.6043925	-71290825.967199
20	0.01	200	0.02	3	-71309207.8225963	-71309203.0347872
20	0.01	200	0.02	3	-71320711.2410831	-71320711.1046696
20	0.01	200	0.02	3	-71226708.8404199	-71226708.749832
20	0.01	200	0.02	3	-71300522.2014147	-71300496.7604385
20	0.01	200	0.02	3	-71275512.1147235	-71275508.0211933
20	0.01	200	0.02	3	-71323861.8639456	-71323858.8238304
20	0.01	200	0.02	3	-71331042.2041559	-71331041.5365529
20	0.01	200	0.02	3	-71299596.9288698	-71299593.229152
20	0.01	200	0.02	3	-71293605.608312	-71293604.459064
20	0.01	200	0.02	3	-71266405.9592607	-71266397.2473541
20	0.01	200	0.02	3	-71280642.4859786	-71280639.6876594
20	0.01	200	0.02	3	-71287980.2523906	-71287980.2474921
20	0.01	200	0.02	3	-71357393.731188	-71357388.7005675
20	0.01	200	0.02	3	-71322177.1896075	-71322176.8251699
20	0.01	200	0.02	3	-71254655.3107326	-71254651.745529
20	0.005	500	0.02	3	-71263992.1488963	-71263992.0051524
20	0.005	500	0.02	3	-71257840.4783843	-71257840.7972629
20	0.005	500	0.02	3	-71298084.7557145	-71298064.8368155
20	0.005	500	0.02	3	-71308343.4622669	-71308341.4301689
20	0.005	500	0.02	3	-71308204.2790148	-71308192.7703103
20	0.005	500	0.02	3	-71337952.7829762	-71337950.4838323
20	0.005	500	0.02	3	-71277486.1947601	-71277487.1677841
20	0.005	500	0.02	3	-71308252.5949778	-71308250.1698422
20	0.005	500	0.02	3	-71293416.7803416	-71293394.7369019
20	0.005	500	0.02	3	-71249287.7393992	-71249288.2054476
20	0.005	500	0.02	3	-71327036.7565213	-71327035.2351408
20	0.005	500	0.02	3	-71309655.6122479	-71309656.9351958
20	0.005	500	0.02	3	-71300201.0455609	-71300199.621325
20	0.005	500	0.02	3	-71316123.5625338	-71316123.0483095
20	0.005	500	0.02	3	-71269989.2977459	-71269984.601684
20	0.005	500	0.02	3	-71325265.890178	-71325237.7498933
20	0.005	500	0.02	3	-71262635.5493815	-71262635.8761774
20	0.005	500	0.02	3	-71322895.0537057	-71322874.0368266
20	0.005	500	0.02	3	-71260316.1215048	-71260306.7882065
20	0.005	500	0.02	3	-71285374.690073	-71285374.6096417
20	0.01	500	0.02	4	-71320724.5976808	-71320705.7904846
20	0.01	500	0.02	4	-71335937.9244131	-71335933.084479
20	0.01	500	0.02	4	-71347879.8737182	-71347867.0159461
20	0.01	500	0.02	4	-71375243.1825408	-71375242.5978553
20	0.01	500	0.02	4	-71344288.8338114	-71344282.2877124
20	0.01	500	0.02	4	-71315626.1021848	-71315596.7370901
20	0.01	500	0.02	4	-71259389.7705729	-71259389.2972788
20	0.01	500	0.02	4	-71362272.3441838	-71362262.3830996
20	0.01	500	0.02	4	-71292219.648729	-71292195.4496419
20	0.01	500	0.02	4	-71331719.6347191	-71331694.0139412
20	0.01	500	0.02	4	-71336665.328672	-71336649.6175978
20	0.01	500	0.02	4	-71330741.8297269	-71330708.0527629
20	0.01	500	0.02	4	-71278206.1576931	-71278203.9440012
20	0.01	500	0.02	4	-71337652.8305016	-71337610.3874776
20	0.01	500	0.02	4	-71309080.4029485	-71309081.975372
20	0.01	500	0.02	4	-71334242.8778189	-71334182.8192025
20	0.01	500	0.02	4	-71299344.825377	-71299329.7957792
20	0.01	500	0.02	4	-71289051.9182326	-71289039.8726322
20	0.01	500	0.02	4	-71362108.3682724	-71362102.6320067
20	0.01	500	0.02	4	-71355087.0353173	-71355038.2322814
20	0.01	500	0.02	3	-71316560.1226908	-71316517.7633929
20	0.01	500	0.02	3	-71393279.0774926	-71393268.3343717
20	0.01	500	0.02	3	-71296269.699664	-71296267.2245204
20	0.01	500	0.02	3	-71300462.9935575	-71300463.1058041
20	0.01	500	0.02	3	-71285699.3924959	-71285664.3875732
20	0.01	500	0.02	3	-71278734.9865097	-71278700.1751847
20	0.01	500	0.02	3	-71284825.7319883	-71284826.1756178
20	0.01	500	0.02	3	-71358218.7604177	-71358213.574917
20	0.01	500	0.02	3	-71315810.5714281	-71315797.7699162
20	0.01	500	0.02	3	-71304071.6123913	-71304069.3588082
20	0.01	500	0.02	3	-71322023.7247232	-71322022.0198094
20	0.01	500	0.02	3	-71231458.9924398	-71231458.6449488
20	0.01	500	0.02	3	-71325893.6303845	-71325857.6638922
20	0.01	500	0.02	3	-71351918.6827334	-71351865.9059552
20	0.01	500	0.02	3	-71288294.8160462	-71288283.3071346
20	0.01	500	0.02	3	-71326704.2272372	-71326695.0977231
20	0.01	500	0.02	3	-71294920.8163292	-71294913.7984849
20	0.01	500	0.02	3	-71364464.654685	-71364433.321499
20	0.01	500	0.02	3	-71314230.7625895	-71314214.6939698
20	0.01	500	0.02	3	-71332798.4631262	-71332795.2420397
20	0.01	500	0.01	3	-71315869.9931194	-71315859.5476533
20	0.01	500	0.01	3	-71321098.2110531	-71321098.5750442
20	0.01	500	0.01	3	-71304578.8115538	-71304557.7078387
20	0.01	500	0.01	3	-71367844.2738125	-71367844.4520605
20	0.01	500	0.01	3	-71302282.9395988	-71302280.8597973
20	0.01	500	0.01	3	-71278699.6454352	-71278698.449416
20	0.01	500	0.01	3	-71245534.1993989	-71245533.4666113
20	0.01	500	0.01	3	-71351954.2473385	-71351953.0555833
20	0.01	500	0.01	3	-71359149.4574558	-71359141.1041923
20	0.01	500	0.01	3	-71288825.2073292	-71288827.2148088
20	0.01	500	0.01	3	-71335179.1286921	-71335179.0352951
20	0.01	500	0.01	3	-71244256.5915277	-71244256.7697052
20	0.01	500	0.01	3	-71291837.4698804	-71291826.101786
20	0.01	500	0.01	3	-71230375.1291047	-71230369.1290181
20	0.01	500	0.01	3	-71328284.1692342	-71328268.8492167
20	0.01	500	0.01	3	-71319641.4659763	-71319636.2028477
20	0.01	500	0.01	3	-71308157.1554417	-71308119.7734344
20	0.01	500	0.01	3	-71308468.2996814	-71308466.9217378
20	0.01	500	0.01	3	-71261955.6211106	-71261954.9360675
20	0.01	500	0.01	3	-71289443.1664705	-71289437.7863221
20	0.005	200	0.01	4	-71283861.9455207	-71283862.8232373
20	0.005	200	0.01	4	-71317346.2159189	-71317346.0796878
20	0.005	200	0.01	4	-71274387.015302	-71274386.6579877
20	0.005	200	0.01	4	-71225733.9047073	-71225731.1262739
20	0.005	200	0.01	4	-71279906.2242394	-71279903.8600484
20	0.005	200	0.01	4	-71250988.4469643	-71250988.0850254
20	0.005	200	0.01	4	-71242757.0309102	-71242745.4837741
20	0.005	200	0.01	4	-71269679.5439975	-71269679.1254388
20	0.005	200	0.01	4	-71316377.8255414	-71316374.4177329
20	0.005	200	0.01	4	-71282000.3856348	-71281999.168215
20	0.005	200	0.01	4	-71263425.1228109	-71263425.4008206
20	0.005	200	0.01	4	-71215854.1892163	-71215848.9998867
20	0.005	200	0.01	4	-71236376.8583822	-71236376.7222049
20	0.005	200	0.01	4	-71320851.3795335	-71320850.6212558
20	0.005	200	0.01	4	-71308543.433816	-71308534.8495723
20	0.005	200	0.01	4	-71251131.46669	-71251129.6338682
20	0.005	200	0.01	4	-71281864.0997358	-71281864.6664343
20	0.005	200	0.01	4	-71260855.1804651	-71260852.4696856
20	0.005	200	0.01	4	-71292380.0596027	-71292378.2786839
20	0.005	200	0.01	4	-71228655.4558018	-71228655.5803393
20	0.005	500	0.02	4	-71315079.8119869	-71315075.477267
20	0.005	500	0.02	4	-71283562.4806665	-71283525.3058201
20	0.005	500	0.02	4	-71265538.3773245	-71265532.8537539
20	0.005	500	0.02	4	-71234041.8915288	-71234041.7481033
20	0.005	500	0.02	4	-71333318.3208867	-71333292.8492333
20	0.005	500	0.02	4	-71300151.4740221	-71300151.4408998
20	0.005	500	0.02	4	-71290212.3304609	-71290207.4742718
20	0.005	500	0.02	4	-71326424.4511049	-71326414.7962418
20	0.005	500	0.02	4	-71327018.9127155	-71327019.3384983
20	0.005	500	0.02	4	-71295161.3426809	-71295157.6491341
20	0.005	500	0.02	4	-71333096.3205649	-71333069.2909539
20	0.005	500	0.02	4	-71257640.8675149	-71257633.1730225
20	0.005	500	0.02	4	-71298517.0548374	-71298517.0650833
20	0.005	500	0.02	4	-71236696.899683	-71236680.7833891
20	0.005	500	0.02	4	-71330615.3102297	-71330606.1316399
20	0.005	500	0.02	4	-71242968.9164293	-71242967.406271
20	0.005	500	0.02	4	-71335542.1750071	-71335512.1700472
20	0.005	500	0.02	4	-71298500.6411438	-71298488.0014002
20	0.005	500	0.02	4	-71286001.8622207	-71286002.2087154
20	0.005	500	0.02	4	-71233222.1458679	-71233221.2248939
20	0.005	200	0.01	3	-71267611.1200246	-71267609.7204899
20	0.005	200	0.01	3	-71240126.6703054	-71240126.9901726
20	0.005	200	0.01	3	-71251334.7596986	-71251331.068506
20	0.005	200	0.01	3	-71277445.9516804	-71277436.7295993
20	0.005	200	0.01	3	-71267407.146129	-71267404.4442008
20	0.005	200	0.01	3	-71230405.1826793	-71230403.7881341
20	0.005	200	0.01	3	-71262207.4609635	-71262207.3342364
20	0.005	200	0.01	3	-71269046.9229102	-71269046.1824196
20	0.005	200	0.01	3	-71292507.0343006	-71292507.2269235
20	0.005	200	0.01	3	-71297194.9074504	-71297194.3711161
20	0.005	200	0.01	3	-71234713.942962	-71234698.4092378
20	0.005	200	0.01	3	-71219625.4659763	-71219621.6499456
20	0.005	200	0.01	3	-71284167.7615658	-71284162.3995302
20	0.005	200	0.01	3	-71250017.3091474	-71250017.2869343
20	0.005	200	0.01	3	-71316721.096692	-71316718.872102
20	0.005	200	0.01	3	-71300549.062438	-71300545.2744204
20	0.005	200	0.01	3	-71309639.9190005	-71309634.1761636
20	0.005	200	0.01	3	-71235979.7645756	-71235979.9539792
20	0.005	200	0.01	3	-71272881.4438961	-71272876.7150523
20	0.005	200	0.01	3	-71295821.3078371	-71295819.5480728
20	0.005	200	0.02	4	-71308035.2047343	-71308026.6260973
20	0.005	200	0.02	4	-71293150.4995543	-71293148.9403067
20	0.005	200	0.02	4	-71296542.0625045	-71296539.4069718
20	0.005	200	0.02	4	-71286607.7349924	-71286591.6938076
20	0.005	200	0.02	4	-71284146.4666553	-71284143.5403109
20	0.005	200	0.02	4	-71289213.7658727	-71289214.2816557
20	0.005	200	0.02	4	-71235530.5842897	-71235531.8737685
20	0.005	200	0.02	4	-71291437.5274037	-71291436.4309274
20	0.005	200	0.02	4	-71299566.9120495	-71299567.4660759
20	0.005	200	0.02	4	-71254011.8466196	-71254010.8315787
20	0.005	200	0.02	4	-71283966.2357869	-71283965.7184183
20	0.005	200	0.02	4	-71294215.9304072	-71294216.9770067
20	0.005	200	0.02	4	-71207322.1400365	-71207321.5786861
20	0.005	200	0.02	4	-71314642.8636266	-71314644.3801741
20	0.005	200	0.02	4	-71305738.2859265	-71305716.4331848
20	0.005	200	0.02	4	-71281295.9368064	-71281296.5727927
20	0.005	200	0.02	4	-71329816.2840781	-71329812.9251831
20	0.005	200	0.02	4	-71274029.4481141	-71274025.2823828
20	0.005	200	0.02	4	-71329255.3121516	-71329228.9563515
20	0.005	200	0.02	4	-71292256.9785725	-71292254.3064454
20	0.005	200	0.02	3	-71252036.4477198	-71252035.7847101
20	0.005	200	0.02	3	-71187358.7048725	-71187358.5042103
20	0.005	200	0.02	3	-71242998.5927977	-71242996.66666
20	0.005	200	0.02	3	-71161226.4917376	-71161226.1820378
20	0.005	200	0.02	3	-71291414.5610099	-71291415.2459301
20	0.005	200	0.02	3	-71258410.5900385	-71258410.7628887
20	0.005	200	0.02	3	-71232293.8851753	-71232294.0530448
20	0.005	200	0.02	3	-71252943.0698352	-71252940.2394373
20	0.005	200	0.02	3	-71295172.7577634	-71295169.0561301
20	0.005	200	0.02	3	-71226735.0112587	-71226733.9308815
20	0.005	200	0.02	3	-71303163.1222643	-71303152.1403577
20	0.005	200	0.02	3	-71296340.1932684	-71296336.1238443
20	0.005	200	0.02	3	-71317668.0143122	-71317667.9117312
20	0.005	200	0.02	3	-71260790.1548813	-71260790.264092
20	0.005	200	0.02	3	-71248706.3057763	-71248706.6393756
20	0.005	200	0.02	3	-71277971.2114985	-71277971.4733005
20	0.005	200	0.02	3	-71271763.6296051	-71271761.0879404
20	0.005	200	0.02	3	-71261983.0737608	-71261977.2280881
20	0.005	200	0.02	3	-71247522.0075864	-71247521.2901469
20	0.005	200	0.02	3	-71199912.4591469	-71199912.4059678
20	0.005	500	0.01	4	-71296648.9627738	-71296648.8506064
20	0.005	500	0.01	4	-71313218.7594459	-71313200.6307836
20	0.005	500	0.01	4	-71280603.2307591	-71280598.28281
20	0.005	500	0.01	4	-71281669.2699655	-71281668.3066275
20	0.005	500	0.01	4	-71270450.1518463	-71270446.1976758
20	0.005	500	0.01	4	-71246316.363895	-71246311.8825038
20	0.005	500	0.01	4	-71239053.6042524	-71239032.8008076
20	0.005	500	0.01	4	-71305254.00704	-71305254.9089415
20	0.005	500	0.01	4	-71341874.6426505	-71341875.1330404
20	0.005	500	0.01	4	-71383944.6478493	-71383928.8813096
20	0.005	500	0.01	4	-71271598.5607591	-71271578.9304898
20	0.005	500	0.01	4	-71267098.3628827	-71267088.3592948
20	0.005	500	0.01	4	-71241501.1063513	-71241496.5257399
20	0.005	500	0.01	4	-71274388.3150523	-71274381.4153148
20	0.005	500	0.01	4	-71305675.3813487	-71305653.9048592
20	0.005	500	0.01	4	-71343776.467711	-71343772.9325374
20	0.005	500	0.01	4	-71303631.6742938	-71303628.3548404
20	0.005	500	0.01	4	-71301452.3137883	-71301408.6279692
20	0.005	500	0.01	4	-71273974.2496072	-71273961.2678066
20	0.005	500	0.01	4	-71297707.4108921	-71297685.7130576
20	0.01	200	0.01	4	-71302218.3446251	-71302205.280513
20	0.01	200	0.01	4	-71268334.4856625	-71268322.5444479
20	0.01	200	0.01	4	-71278734.8388631	-71278726.549828
20	0.01	200	0.01	4	-71164489.6360504	-71164483.3553116
20	0.01	200	0.01	4	-71334855.9750898	-71334841.7627848
20	0.01	200	0.01	4	-71303151.0379208	-71303133.6515335
20	0.01	200	0.01	4	-71324464.6003433	-71324461.611972
20	0.01	200	0.01	4	-71324950.439512	-71324949.1332973
20	0.01	200	0.01	4	-71306153.2063341	-71306147.723794
20	0.01	200	0.01	4	-71319206.0967236	-71319204.1061663
20	0.01	200	0.01	4	-71319956.4710626	-71319956.465994
20	0.01	200	0.01	4	-71258983.2402751	-71258974.9937661
20	0.01	200	0.01	4	-71362191.7111235	-71362190.16029
20	0.01	200	0.01	4	-71253393.4357253	-71253392.7103533
20	0.01	200	0.01	4	-71299429.068018	-71299419.8091897
20	0.01	200	0.01	4	-71353174.5701643	-71353155.5189203
20	0.01	200	0.01	4	-71345178.6040275	-71345173.4177556
20	0.01	200	0.01	4	-71350821.200961	-71350814.0713785
20	0.01	200	0.01	4	-71332594.1280756	-71332588.4156003
20	0.01	200	0.01	4	-71250365.4778372	-71250358.9932178
20	0.01	500	0.01	4	-71348882.0317655	-71348849.1257665
20	0.01	500	0.01	4	-71339997.9713715	-71339990.7716823
20	0.01	500	0.01	4	-71322799.0796179	-71322798.6102841
20	0.01	500	0.01	4	-71337578.8484069	-71337566.9138488
20	0.01	500	0.01	4	-71406348.6434026	-71406286.8164163
20	0.01	500	0.01	4	-71290053.6270337	-71290050.2261459
20	0.01	500	0.01	4	-71349646.23725	-71349641.3616782
20	0.01	500	0.01	4	-71343479.0324187	-71343478.5235564
20	0.01	500	0.01	4	-71161878.6807208	-71161851.0765194
20	0.01	500	0.01	4	-71382783.8529051	-71382761.0662124
20	0.01	500	0.01	4	-71344961.6344379	-71344959.8352169
20	0.01	500	0.01	4	-71341805.5642581	-71341804.2308868
20	0.01	500	0.01	4	-71316502.700252	-71316503.9429576
20	0.01	500	0.01	4	-71325690.0030299	-71325681.7365607
20	0.01	500	0.01	4	-71399460.5509362	-71399458.4403742
20	0.01	500	0.01	4	-71328682.7182943	-71328631.2515713
20	0.01	500	0.01	4	-71349920.4684837	-71349912.8768911
20	0.01	500	0.01	4	-71295597.1160269	-71295597.417278
20	0.01	500	0.01	4	-71331044.645054	-71331013.2181408
20	0.01	500	0.01	4	-71296410.3448272	-71296388.9700142
20	0.01	200	0.01	3	-71316554.9384013	-71316549.5428564
20	0.01	200	0.01	3	-71234468.5553982	-71234467.9984314
20	0.01	200	0.01	3	-71248886.0463687	-71248886.3068046
20	0.01	200	0.01	3	-71242989.7011251	-71242989.8064953
20	0.01	200	0.01	3	-71279923.7728167	-71279915.5432427
20	0.01	200	0.01	3	-71252095.0542951	-71252095.1748985
20	0.01	200	0.01	3	-71251661.5567853	-71251660.5918627
20	0.01	200	0.01	3	-71250275.6910789	-71250274.3333172
20	0.01	200	0.01	3	-71307066.3016796	-71307067.1475008
20	0.01	200	0.01	3	-71290903.5790779	-71290903.7585225
20	0.01	200	0.01	3	-71314707.6765356	-71314702.4340961
20	0.01	200	0.01	3	-71308937.948015	-71308935.4076922
20	0.01	200	0.01	3	-71303002.557	-71302993.1076119
20	0.01	200	0.01	3	-71289017.4926899	-71289014.619173
20	0.01	200	0.01	3	-71258940.0653652	-71258936.1985588
20	0.01	200	0.01	3	-71267821.4158975	-71267820.1174709
20	0.01	200	0.01	3	-71287055.751622	-71287048.6023278
20	0.01	200	0.01	3	-71212170.7503278	-71212156.8722685
20	0.01	200	0.01	3	-71252365.3279332	-71252363.1493276
20	0.01	200	0.01	3	-71325240.1522714	-71325239.9742758
20	0.005	500	0.01	3	-71378682.6401838	-71378664.0355725
20	0.005	500	0.01	3	-71346222.0705213	-71346216.3022711
20	0.005	500	0.01	3	-71278830.7030569	-71278823.710556
20	0.005	500	0.01	3	-71233556.351709	-71233553.6675768
20	0.005	500	0.01	3	-71320671.5859372	-71320672.9281866
20	0.005	500	0.01	3	-71328687.637528	-71328685.7152489
20	0.005	500	0.01	3	-71303336.1877768	-71303331.0369742
20	0.005	500	0.01	3	-71275405.5910204	-71275397.6309033
20	0.005	500	0.01	3	-71269569.6874903	-71269569.8231642
20	0.005	500	0.01	3	-71320712.9560175	-71320711.2974793
20	0.005	500	0.01	3	-71282334.107857	-71282334.6642687
20	0.005	500	0.01	3	-71290102.0200784	-71290091.6647474
20	0.005	500	0.01	3	-71290790.8098568	-71290783.8213857
20	0.005	500	0.01	3	-71226917.4900114	-71226915.1823902
20	0.005	500	0.01	3	-71283891.8444666	-71283891.6557035
20	0.005	500	0.01	3	-71213053.0497338	-71213052.119332
20	0.005	500	0.01	3	-71245149.6542967	-71245147.4343444
20	0.005	500	0.01	3	-71287058.8482048	-71287060.1654216
20	0.005	500	0.01	3	-71267989.931238	-71267990.7493697
20	0.005	500	0.01	3	-71254000.3485347	-71254001.3543699
