count	sel	gens	dist	sites	null_lnl	alt_lnl
20	0.01	200	0.02	4	-71323662.3626584	-71323547.0597075
20	0.01	200	0.02	4	-71332263.6073636	-71332197.009445
20	0.01	200	0.02	4	-71296279.2356361	-71296223.5746401
20	0.01	200	0.02	4	-71305506.7095942	-71305457.774994
20	0.01	200	0.02	4	-71305047.1179405	-71304976.3731585
20	0.01	200	0.02	4	-71373048.1704327	-71372994.8364722
20	0.01	200	0.02	4	-71243688.5141849	-71243546.5966096
20	0.01	200	0.02	4	-71292484.5702895	-71292424.0100983
20	0.01	200	0.02	4	-71285504.2057094	-71285426.2040126
20	0.01	200	0.02	4	-71309016.5157482	-71308912.5740101
20	0.01	200	0.02	4	-71389105.7328742	-71389001.1727912
20	0.01	200	0.02	4	-71308883.6423695	-71308828.6943352
20	0.01	200	0.02	4	-71315385.8358292	-71315322.6971256
20	0.01	200	0.02	4	-71331693.5818558	-71331576.2454086
20	0.01	200	0.02	4	-71342273.534408	-71342202.6441564
20	0.01	200	0.02	4	-71308799.5143641	-71308755.0119697
20	0.01	200	0.02	4	-71328280.2918682	-71328236.2104081
20	0.01	200	0.02	4	-71286462.6874538	-71286410.2392459
20	0.01	200	0.02	4	-71332990.1316384	-71332895.3718481
20	0.01	200	0.02	4	-71291123.6320848	-71291025.6756811
20	0.01	200	0.02	3	-71287481.0469207	-71287452.6826298
20	0.01	200	0.02	3	-71265448.1067072	-71265423.453154
20	0.01	200	0.02	3	-71362678.4299191	-71362583.0393591
20	0.01	200	0.02	3	-71295383.7012004	-71295309.4513252
20	0.01	200	0.02	3	-71342177.1293057	-71342091.9012927
20	0.01	200	0.02	3	-71311897.6958428	-71311840.7609714
20	0.01	200	0.02	3	-71250832.8849497	-71250761.9321055
20	0.01	200	0.02	3	-71244949.5147181	-71244913.274313
20	0.01	200	0.02	3	-71278870.0181851	-71278825.8603147
20	0.01	200	0.02	3	-71292885.576579	-71292803.1166302
20	0.01	200	0.02	3	-71344972.7047631	-71344909.2011953
20	0.01	200	0.02	3	-71309704.0043248	-71309655.2712851
20	0.01	200	0.02	3	-71294072.8784751	-71294030.3874578
20	0.01	200	0.02	3	-71333367.930368	-71333309.9187055
20	0.01	200	0.02	3	-71285030.9067689	-71284962.4803271
20	0.01	200	0.02	3	-71318264.8649929	-71318191.7825045
20	0.01	200	0.02	3	-71294793.1399817	-71294751.0190203
20	0.01	200	0.02	3	-71315716.8292868	-71315658.9625542
20	0.01	200	0.02	3	-71290974.4549141	-71290910.6427672
20	0.01	200	0.02	3	-71281298.9201801	-71281264.841568
20	0.005	500	0.02	3	-71287228.4857789	-71287162.7174194
20	0.005	500	0.02	3	-71272232.4101246	-71272131.9047664
20	0.005	500	0.02	3	-71315891.3490454	-71315811.9573031
20	0.005	500	0.02	3	-71251435.1339612	-71251394.9360597
20	0.005	500	0.02	3	-71240537.1167105	-71240458.6499153
20	0.005	500	0.02	3	-71330335.0626374	-71330219.7394541
20	0.005	500	0.02	3	-71199756.7135868	-71199697.685445
20	0.005	500	0.02	3	-71342717.7854767	-71342667.6695006
20	0.005	500	0.02	3	-71336478.9158878	-71336434.9888945
20	0.005	500	0.02	3	-71280184.7423807	-71280129.9440322
20	0.005	500	0.02	3	-71275742.7597468	-71275704.8259774
20	0.005	500	0.02	3	-71302817.2013285	-71302697.533694
20	0.005	500	0.02	3	-71280678.2424863	-71280597.2135994
20	0.005	500	0.02	3	-71276946.36767	-71276784.8047288
20	0.005	500	0.02	3	-71265575.6966535	-71265558.8256013
20	0.005	500	0.02	3	-71289421.3874076	-71289305.9981252
20	0.005	500	0.02	3	-71302063.5954562	-71301957.7168654
20	0.005	500	0.02	3	-71259826.9329731	-71259769.345295
20	0.005	500	0.02	3	-71293189.6215336	-71293101.3378835
20	0.005	500	0.02	3	-71369268.1581252	-71369201.6995726
20	0.01	500	0.02	4	-71351208.407263	-71350738.0987558
20	0.01	500	0.02	4	-71299741.0638032	-71299458.725458
20	0.01	500	0.02	4	-71403208.9087311	-71402748.4538959
20	0.01	500	0.02	4	-71409662.6941057	-71409265.2705873
20	0.01	500	0.02	4	-71371448.7592112	-71371127.7008965
20	0.01	500	0.02	4	-71346750.8474504	-71346337.7052884
20	0.01	500	0.02	4	-71353407.64342	-71353151.446243
20	0.01	500	0.02	4	-71334859.1612562	-71334470.3747722
20	0.01	500	0.02	4	-71403037.8219614	-71402639.2211215
20	0.01	500	0.02	4	-71324676.7289861	-71324397.1295575
20	0.01	500	0.02	4	-71394328.273219	-71394025.3439693
20	0.01	500	0.02	4	-71353742.3467145	-71353533.4362002
20	0.01	500	0.02	4	-71387359.3113896	-71387019.1765877
20	0.01	500	0.02	4	-71371007.4739516	-71370720.418969
20	0.01	500	0.02	4	-71284358.2064562	-71284036.3843296
20	0.01	500	0.02	4	-71371665.2586161	-71371358.7838825
20	0.01	500	0.02	4	-71325675.3927773	-71325269.7946034
20	0.01	500	0.02	4	-71326802.2244152	-71326351.996878
20	0.01	500	0.02	4	-71386323.8926002	-71385969.1269942
20	0.01	500	0.02	4	-71370155.6159141	-71369665.4151412
20	0.01	500	0.02	3	-71355909.0697629	-71355551.6958081
20	0.01	500	0.02	3	-71283050.7638476	-71282810.3590948
20	0.01	500	0.02	3	-71304992.1172407	-71304682.5543872
20	0.01	500	0.02	3	-71347717.9544725	-71347386.0345094
20	0.01	500	0.02	3	-71322214.6360667	-71321999.2751643
20	0.01	500	0.02	3	-71326538.0629906	-71326261.2534734
20	0.01	500	0.02	3	-71387183.0767362	-71386882.6215251
20	0.01	500	0.02	3	-71354179.2943744	-71353833.043389
20	0.01	500	0.02	3	-71356133.7810149	-71355757.8050017
20	0.01	500	0.02	3	-71313212.2387551	-71312818.0886752
20	0.01	500	0.02	3	-71287983.9188788	-71287684.8284518
20	0.01	500	0.02	3	-71332287.4832864	-71331959.8176737
20	0.01	500	0.02	3	-71365766.4938515	-71365390.4072155
20	0.01	500	0.02	3	-71303857.0331405	-71303607.3416938
20	0.01	500	0.02	3	-71339454.6589699	-71339133.1035558
20	0.01	500	0.02	3	-71306580.2838509	-71306219.3798829
20	0.01	500	0.02	3	-71339264.5467538	-71339034.1240389
20	0.01	500	0.02	3	-71383313.3338931	-71383014.8315098
20	0.01	500	0.02	3	-71305997.6975304	-71305705.3839155
20	0.01	500	0.02	3	-71305528.9026745	-71305331.3115254
20	0.01	500	0.01	3	-71249522.3718116	-71249260.5920407
20	0.01	500	0.01	3	-71286275.1746745	-71286082.9188164
20	0.01	500	0.01	3	-71325969.0227147	-71325763.2981988
20	0.01	500	0.01	3	-71344915.3246563	-71344781.5831502
20	0.01	500	0.01	3	-71329204.9715571	-71328984.7007293
20	0.01	500	0.01	3	-71358447.3519558	-71358224.199828
20	0.01	500	0.01	3	-71345008.3513706	-71344896.3214592
20	0.01	500	0.01	3	-71292723.8404026	-71292495.3354167
20	0.01	500	0.01	3	-71324422.7183822	-71324249.6409758
20	0.01	500	0.01	3	-71314038.7236534	-71313859.3163228
20	0.01	500	0.01	3	-71289065.6102519	-71288916.1210951
20	0.01	500	0.01	3	-71331757.9089247	-71331597.3931215
20	0.01	500	0.01	3	-71331780.7444459	-71331563.821909
20	0.01	500	0.01	3	-71271928.1644679	-71271758.654751
20	0.01	500	0.01	3	-71383099.4286382	-71382837.4631307
20	0.01	500	0.01	3	-71318754.9654001	-71318578.3505636
20	0.01	500	0.01	3	-71323218.8872492	-71323009.9763536
20	0.01	500	0.01	3	-71325922.0977713	-71325692.1985684
20	0.01	500	0.01	3	-71352714.205103	-71352536.5132021
20	0.01	500	0.01	3	-71312231.3537309	-71312040.1863359
20	0.005	200	0.01	4	-71312077.5061707	-71312072.717004
20	0.005	200	0.01	4	-71320035.4950796	-71320018.3924308
20	0.005	200	0.01	4	-71277786.4980372	-71277779.4414105
20	0.005	200	0.01	4	-71334778.203607	-71334764.5805106
20	0.005	200	0.01	4	-71315649.340594	-71315630.8669064
20	0.005	200	0.01	4	-71282203.3426074	-71282201.8076994
20	0.005	200	0.01	4	-71266547.616982	-71266533.3762534
20	0.005	200	0.01	4	-71308483.0352161	-71308469.5802467
20	0.005	200	0.01	4	-71314910.3166745	-71314901.757955
20	0.005	200	0.01	4	-71336192.1342552	-71336186.0384181
20	0.005	200	0.01	4	-71256143.2488457	-71256138.4057492
20	0.005	200	0.01	4	-71193011.2887382	-71193010.464221
20	0.005	200	0.01	4	-71263629.0145134	-71263625.9507557
20	0.005	200	0.01	4	-71289836.0226638	-71289828.9512807
20	0.005	200	0.01	4	-71259012.5130424	-71258995.8135149
20	0.005	200	0.01	4	-71207647.2796068	-71207646.3542293
20	0.005	200	0.01	4	-71334241.0793528	-71334222.3019122
20	0.005	200	0.01	4	-71308393.0909688	-71308382.4088959
20	0.005	200	0.01	4	-71261546.1381143	-71261532.2669051
20	0.005	200	0.01	4	-71261688.2455791	-71261663.20686
20	0.005	500	0.02	4	-71360547.6204918	-71360478.4614318
20	0.005	500	0.02	4	-71238048.2140405	-71237980.2304972
20	0.005	500	0.02	4	-71262905.6089606	-71262853.4414161
20	0.005	500	0.02	4	-71336217.4531294	-71336140.1227863
20	0.005	500	0.02	4	-71294184.6945557	-71294113.9839202
20	0.005	500	0.02	4	-71276509.1139984	-71276384.6855684
20	0.005	500	0.02	4	-71264121.753489	-71264098.770307
20	0.005	500	0.02	4	-71295197.49935	-71295128.9080078
20	0.005	500	0.02	4	-71290531.773004	-71290440.9811176
20	0.005	500	0.02	4	-71365384.883407	-71365258.9334836
20	0.005	500	0.02	4	-71294255.747555	-71294103.0869076
20	0.005	500	0.02	4	-71226225.2578101	-71226168.2176381
20	0.005	500	0.02	4	-71305552.8539296	-71305411.5972892
20	0.005	500	0.02	4	-71291406.2104085	-71291319.0977673
20	0.005	500	0.02	4	-71316104.6910707	-71316023.1718794
20	0.005	500	0.02	4	-71360920.6149458	-71360800.4688338
20	0.005	500	0.02	4	-71330364.2195761	-71330241.686893
20	0.005	500	0.02	4	-71319452.1496907	-71319337.5417155
20	0.005	500	0.02	4	-71268152.1074004	-71268081.8209013
20	0.005	500	0.02	4	-71268775.315427	-71268651.4374756
20	0.005	200	0.01	3	-71275359.9050269	-71275348.5522084
20	0.005	200	0.01	3	-71297077.496526	-71297067.8905284
20	0.005	200	0.01	3	-71226005.9372779	-71225988.8941191
20	0.005	200	0.01	3	-71207288.6618108	-71207280.9851189
20	0.005	200	0.01	3	-71338755.3445777	-71338735.9787438
20	0.005	200	0.01	3	-71288660.0115532	-71288653.5028115
20	0.005	200	0.01	3	-71213917.507907	-71213907.9694258
20	0.005	200	0.01	3	-71317685.8848476	-71317679.1222872
20	0.005	200	0.01	3	-71247109.5908147	-71247102.5492768
20	0.005	200	0.01	3	-71236176.9134554	-71236172.6264013
20	0.005	200	0.01	3	-71301665.5039748	-71301658.3210741
20	0.005	200	0.01	3	-71265394.4494705	-71265394.4826341
20	0.005	200	0.01	3	-71242891.9120247	-71242889.5531301
20	0.005	200	0.01	3	-71252266.1448794	-71252257.950245
20	0.005	200	0.01	3	-71278661.1284744	-71278651.7279947
20	0.005	200	0.01	3	-71278422.9728983	-71278403.9728738
20	0.005	200	0.01	3	-71279538.3209039	-71279523.757
20	0.005	200	0.01	3	-71305512.3296516	-71305494.8049541
20	0.005	200	0.01	3	-71266649.8272376	-71266636.3933178
20	0.005	200	0.01	3	-71337605.7066501	-71337587.2271265
20	0.005	200	0.02	4	-71278382.1267586	-71278359.0136485
20	0.005	200	0.02	4	-71222241.6481218	-71222225.9721016
20	0.005	200	0.02	4	-71302429.4071167	-71302412.7498636
20	0.005	200	0.02	4	-71290698.5610489	-71290694.5412494
20	0.005	200	0.02	4	-71311138.3510071	-71311115.0329683
20	0.005	200	0.02	4	-71375024.3242794	-71374992.28838
20	0.005	200	0.02	4	-71289964.8018861	-71289955.7034353
20	0.005	200	0.02	4	-71218301.398974	-71218265.1993609
20	0.005	200	0.02	4	-71236896.3254254	-71236885.6422684
20	0.005	200	0.02	4	-71279018.4212332	-71279008.3122609
20	0.005	200	0.02	4	-71266084.258704	-71266072.5520488
20	0.005	200	0.02	4	-71289505.9172019	-71289504.3515225
20	0.005	200	0.02	4	-71192028.2654278	-71192023.4042233
20	0.005	200	0.02	4	-71274381.7853112	-71274362.2172572
20	0.005	200	0.02	4	-71228959.1937578	-71228947.2873723
20	0.005	200	0.02	4	-71252427.9502564	-71252417.10752
20	0.005	200	0.02	4	-71227105.553816	-71227097.3693487
20	0.005	200	0.02	4	-71288092.3813519	-71288092.1928955
20	0.005	200	0.02	4	-71299393.7006292	-71299365.154525
20	0.005	200	0.02	4	-71274101.6440833	-71274092.2626562
20	0.005	200	0.02	3	-71258492.2526428	-71258483.8614686
20	0.005	200	0.02	3	-71266514.9177659	-71266501.5791448
20	0.005	200	0.02	3	-71260159.9903205	-71260135.7844903
20	0.005	200	0.02	3	-71307713.9369968	-71307706.7312589
20	0.005	200	0.02	3	-71257403.2934643	-71257391.3501222
20	0.005	200	0.02	3	-71261740.2708308	-71261725.5924838
20	0.005	200	0.02	3	-71242947.7130701	-71242935.2127821
20	0.005	200	0.02	3	-71299478.3071057	-71299477.9376439
20	0.005	200	0.02	3	-71275563.5081543	-71275558.3678415
20	0.005	200	0.02	3	-71267278.7677493	-71267269.4468644
20	0.005	200	0.02	3	-71256129.2918725	-71256117.9723783
20	0.005	200	0.02	3	-71195058.981164	-71195037.1760806
20	0.005	200	0.02	3	-71262260.045714	-71262243.7601657
20	0.005	200	0.02	3	-71251530.9612399	-71251493.4848568
20	0.005	200	0.02	3	-71299870.0043325	-71299850.1108407
20	0.005	200	0.02	3	-71259002.2967041	-71258985.5812377
20	0.005	200	0.02	3	-71240195.3930811	-71240183.1258529
20	0.005	200	0.02	3	-71331664.6653678	-71331651.2245152
20	0.005	200	0.02	3	-71236142.3797149	-71236126.3660544
20	0.005	200	0.02	3	-71242816.3787924	-71242809.8590351
20	0.005	500	0.01	4	-71289532.2806025	-71289478.2567773
20	0.005	500	0.01	4	-71284722.8885271	-71284619.4589277
20	0.005	500	0.01	4	-71271126.7468193	-71270974.2103134
20	0.005	500	0.01	4	-71286515.4749699	-71286482.4970406
20	0.005	500	0.01	4	-71363493.1995738	-71363449.6871238
20	0.005	500	0.01	4	-71428914.966287	-71428815.8311063
20	0.005	500	0.01	4	-71370448.6099977	-71370338.5189822
20	0.005	500	0.01	4	-71323684.068608	-71323626.3850039
20	0.005	500	0.01	4	-71257117.0991342	-71256993.306632
20	0.005	500	0.01	4	-71283297.6146452	-71283226.8343324
20	0.005	500	0.01	4	-71289914.235268	-71289845.8049653
20	0.005	500	0.01	4	-71275455.2963551	-71275328.5183333
20	0.005	500	0.01	4	-71308597.7284055	-71308569.258354
20	0.005	500	0.01	4	-71380057.8530055	-71379994.3910131
20	0.005	500	0.01	4	-71275490.7487859	-71275406.6076994
20	0.005	500	0.01	4	-71321458.4137845	-71321375.4892244
20	0.005	500	0.01	4	-71353270.8969601	-71353185.4429363
20	0.005	500	0.01	4	-71302185.7478283	-71302144.0567565
20	0.005	500	0.01	4	-71301852.0473224	-71301809.314851
20	0.005	500	0.01	4	-71372624.9038948	-71372571.7990362
20	0.01	200	0.01	4	-71260367.4421118	-71260343.4433919
20	0.01	200	0.01	4	-71316365.3603346	-71316323.3379763
20	0.01	200	0.01	4	-71311614.8705528	-71311575.638718
20	0.01	200	0.01	4	-71326088.1457886	-71326054.4866151
20	0.01	200	0.01	4	-71313026.1154471	-71312996.2495437
20	0.01	200	0.01	4	-71337123.303985	-71337056.0151326
20	0.01	200	0.01	4	-71301412.6948044	-71301358.9824681
20	0.01	200	0.01	4	-71368856.1644792	-71368836.5643047
20	0.01	200	0.01	4	-71329232.4541099	-71329185.1201744
20	0.01	200	0.01	4	-71375537.2286728	-71375496.8733285
20	0.01	200	0.01	4	-71260207.2097939	-71260173.2413582
20	0.01	200	0.01	4	-71300595.5144607	-71300543.1804978
20	0.01	200	0.01	4	-71327698.9521455	-71327692.8190047
20	0.01	200	0.01	4	-71319180.0442282	-71319136.4941974
20	0.01	200	0.01	4	-71300877.5915355	-71300803.6055626
20	0.01	200	0.01	4	-71325666.0155532	-71325630.3816656
20	0.01	200	0.01	4	-71278709.0941021	-71278658.8772369
20	0.01	200	0.01	4	-71325450.2067612	-71325393.0437674
20	0.01	200	0.01	4	-71250265.17727	-71250230.0185218
20	0.01	200	0.01	4	-71227223.2967896	-71227210.1712405
20	0.01	500	0.01	4	-71298542.172825	-71298332.1323719
20	0.01	500	0.01	4	-71302274.4746469	-71302088.7236293
20	0.01	500	0.01	4	-71337492.831506	-71337352.3109622
20	0.01	500	0.01	4	-71295376.3772255	-71295138.1292352
20	0.01	500	0.01	4	-71333618.4861598	-71333489.3070045
20	0.01	500	0.01	4	-71332963.588542	-71332758.514754
20	0.01	500	0.01	4	-71347868.6280321	-71347654.4843611
20	0.01	500	0.01	4	-71350160.0516116	-71349938.1161978
20	0.01	500	0.01	4	-71369526.5495455	-71369300.706794
20	0.01	500	0.01	4	-71347704.1535973	-71347548.5752134
20	0.01	500	0.01	4	-71369457.3051274	-71369201.3002692
20	0.01	500	0.01	4	-71336171.2529193	-71336006.8017394
20	0.01	500	0.01	4	-71371482.0912218	-71371253.2947931
20	0.01	500	0.01	4	-71415671.7582063	-71415473.3282053
20	0.01	500	0.01	4	-71384119.4955541	-71383919.37942
20	0.01	500	0.01	4	-71313769.3761485	-71313613.6372126
20	0.01	500	0.01	4	-71247287.3040884	-71247062.5344132
20	0.01	500	0.01	4	-71297846.1712803	-71297632.894341
20	0.01	500	0.01	4	-71323974.5848145	-71323740.1647565
20	0.01	500	0.01	4	-71366524.0661216	-71366301.6286489
20	0.01	200	0.01	3	-71299287.7299445	-71299252.2930103
20	0.01	200	0.01	3	-71305436.8339707	-71305379.1191756
20	0.01	200	0.01	3	-71314184.0671556	-71314159.101237
20	0.01	200	0.01	3	-71291280.2520305	-71291240.5319564
20	0.01	200	0.01	3	-71278077.8175166	-71278023.6191425
20	0.01	200	0.01	3	-71318980.2372873	-71318913.0840257
20	0.01	200	0.01	3	-71373058.9371904	-71373028.5642808
20	0.01	200	0.01	3	-71265961.0133564	-71265919.8701716
20	0.01	200	0.01	3	-71361612.0944865	-71361583.2916492
20	0.01	200	0.01	3	-71245645.3458106	-71245600.8479608
20	0.01	200	0.01	3	-71335116.1444599	-71335078.1395926
20	0.01	200	0.01	3	-71337645.6365255	-71337607.6926558
20	0.01	200	0.01	3	-71255887.8958074	-71255847.9451143
20	0.01	200	0.01	3	-71295425.4803423	-71295363.4786822
20	0.01	200	0.01	3	-71279361.7551926	-71279323.8974092
20	0.01	200	0.01	3	-71291878.5873275	-71291854.4513209
20	0.01	200	0.01	3	-71291087.490062	-71291056.6019237
20	0.01	200	0.01	3	-71341564.0683332	-71341536.8410531
20	0.01	200	0.01	3	-71266848.5464022	-71266819.4335825
20	0.01	200	0.01	3	-71317418.8877401	-71317380.6211259
20	0.005	500	0.01	3	-71308179.9629963	-71308071.2378467
20	0.005	500	0.01	3	-71342530.0148207	-71342467.5973484
20	0.005	500	0.01	3	-71284179.9571845	-71284139.2506063
20	0.005	500	0.01	3	-71311224.1555307	-71311136.1413416
20	0.005	500	0.01	3	-71346151.5072712	-71346107.1324537
20	0.005	500	0.01	3	-71315393.8529981	-71315333.1038116
20	0.005	500	0.01	3	-71313452.8649095	-71313416.9490396
20	0.005	500	0.01	3	-71285285.4922136	-71285246.4788114
20	0.005	500	0.01	3	-71286578.6609731	-71286529.9042478
20	0.005	500	0.01	3	-71290772.2304903	-71290691.7567932
20	0.005	500	0.01	3	-71307825.8984768	-71307743.8228155
20	0.005	500	0.01	3	-71277219.9456679	-71277116.2410464
20	0.005	500	0.01	3	-71279654.8852072	-71279610.1614572
20	0.005	500	0.01	3	-71317884.3748505	-71317866.6938464
20	0.005	500	0.01	3	-71319611.3964978	-71319590.9977749
20	0.005	500	0.01	3	-71306279.0063869	-71306225.023984
20	0.005	500	0.01	3	-71302086.2508502	-71302005.8614739
20	0.005	500	0.01	3	-71321710.4670205	-71321594.9471767
20	0.005	500	0.01	3	-71224454.0116979	-71224401.5448098
20	0.005	500	0.01	3	-71306511.281407	-71306462.5842197
