count	sel	gens	dist	sites	null_lnl	alt_lnl
20	0.01	1000	0.01	3	-71278075.75419	-71278055.0725302
20	0.01	1000	0.01	3	-71333144.1305186	-71333137.1549958
20	0.01	1000	0.01	3	-71297817.5081926	-71297778.4810826
20	0.01	1000	0.01	3	-71315815.5007953	-71315791.8386581
20	0.01	1000	0.01	3	-71361835.5223845	-71361828.7249304
20	0.01	1000	0.01	3	-71276702.8822444	-71276656.5551367
20	0.01	1000	0.01	3	-71294516.4328134	-71294506.5108237
20	0.01	1000	0.01	3	-71312964.1810248	-71312964.7028641
20	0.01	1000	0.01	3	-71337258.5760701	-71337258.8970027
20	0.01	1000	0.01	3	-71357790.534509	-71357773.4194207
20	0.01	1000	0.01	3	-71283357.088458	-71283347.3726661
20	0.01	1000	0.01	3	-71307504.9659709	-71307506.0718897
20	0.01	1000	0.01	3	-71346074.3094448	-71346071.1323898
20	0.01	1000	0.01	3	-71370840.3440612	-71370834.1475818
20	0.01	1000	0.01	3	-71359195.6572083	-71359186.4280105
20	0.01	1000	0.01	3	-71317540.9328795	-71317479.132551
20	0.01	1000	0.01	3	-71265102.8018119	-71265071.7033755
20	0.01	1000	0.01	3	-71363033.021979	-71363017.0093919
20	0.01	1000	0.01	3	-71315537.7048112	-71315532.5295975
20	0.01	1000	0.01	3	-71295726.9587837	-71295722.8597365
20	0.005	1000	0.02	3	-71345430.0074193	-71345418.9758523
20	0.005	1000	0.02	3	-71392292.8610301	-71392278.1981098
20	0.005	1000	0.02	3	-71336655.7501401	-71336653.3697416
20	0.005	1000	0.02	3	-71261601.4569566	-71261584.1715759
20	0.005	1000	0.02	3	-71274740.417852	-71274731.050392
20	0.005	1000	0.02	3	-71330339.3259084	-71330326.6744045
20	0.005	1000	0.02	3	-71249022.6335659	-71249021.6353934
20	0.005	1000	0.02	3	-71309423.1575047	-71309402.0927158
20	0.005	1000	0.02	3	-71237340.4997611	-71237328.5594868
20	0.005	1000	0.02	3	-71359948.2706435	-71359948.4993016
20	0.005	1000	0.02	3	-71317007.6430412	-71317008.0605371
20	0.005	1000	0.02	3	-71319768.2283005	-71319767.2439026
20	0.005	1000	0.02	3	-71366688.0245283	-71366677.3961146
20	0.005	1000	0.02	3	-71300222.1317806	-71300219.6767401
20	0.005	1000	0.02	3	-71291839.2400596	-71291839.2372143
20	0.005	1000	0.02	3	-71327691.4720346	-71327691.7238287
20	0.005	1000	0.02	3	-71311767.7717498	-71311759.5129118
20	0.005	1000	0.02	3	-71262506.9302582	-71262507.3102348
20	0.005	1000	0.02	3	-71300105.0712343	-71300105.2793368
20	0.005	1000	0.02	3	-71282225.2114581	-71282225.4413554
20	0.01	1000	0.02	4	-71376424.3750365	-71376417.3297699
20	0.01	1000	0.02	4	-71312652.0157092	-71312652.3129403
20	0.01	1000	0.02	4	-71333343.6355956	-71333335.8321291
20	0.01	1000	0.02	4	-71311530.1120163	-71311515.8872308
20	0.01	1000	0.02	4	-71341342.309973	-71341343.1557417
20	0.01	1000	0.02	4	-71402381.9257895	-71402320.8002614
20	0.01	1000	0.02	4	-71332316.6958763	-71332287.4297812
20	0.01	1000	0.02	4	-71404276.4993688	-71404234.7549279
20	0.01	1000	0.02	4	-71336091.8315885	-71336038.7970876
20	0.01	1000	0.02	4	-71339148.0280333	-71339107.8036487
20	0.01	1000	0.02	4	-71330406.2539094	-71330403.6291317
20	0.01	1000	0.02	4	-71347531.9512898	-71347463.5917217
20	0.01	1000	0.02	4	-71311965.1841311	-71311899.1522454
20	0.01	1000	0.02	4	-71361244.356461	-71361239.5408238
20	0.01	1000	0.02	4	-71296754.7530363	-71296749.2398974
20	0.01	1000	0.02	4	-71337985.8536121	-71337937.2471642
20	0.01	1000	0.02	4	-71357516.7782674	-71357486.6854728
20	0.01	1000	0.02	4	-71333599.1095037	-71333595.3388788
20	0.01	1000	0.02	4	-71423422.7032105	-71423350.1158338
20	0.01	1000	0.02	4	-71325350.0510302	-71325321.5061864
20	0.005	100	0.01	3	-71342915.6319867	-71342910.7483907
20	0.005	100	0.01	3	-71195853.8421646	-71195853.9780545
20	0.005	100	0.01	3	-71232754.1748725	-71232753.9699864
20	0.005	100	0.01	3	-71229035.8143653	-71229034.4325524
20	0.005	100	0.01	3	-71256275.9677174	-71256275.843579
20	0.005	100	0.01	3	-71245842.2074676	-71245842.0638598
20	0.005	100	0.01	3	-71264085.1853976	-71264084.7788051
20	0.005	100	0.01	3	-71236833.7929883	-71236833.6451741
20	0.005	100	0.01	3	-71213024.6493265	-71213024.5941237
20	0.005	100	0.01	3	-71264463.0636807	-71264460.4843277
20	0.005	100	0.01	3	-71200655.4687799	-71200654.6369701
20	0.005	100	0.01	3	-71219679.3494554	-71219679.6072513
20	0.005	100	0.01	3	-71244872.1290862	-71244870.8805404
20	0.005	100	0.01	3	-71253549.9440159	-71253550.2214695
20	0.005	100	0.01	3	-71318402.9565518	-71318402.5049973
20	0.005	100	0.01	3	-71247274.1975632	-71247271.5451859
20	0.005	100	0.01	3	-71194623.9064556	-71194623.313686
20	0.005	100	0.01	3	-71254616.0659636	-71254616.0389184
20	0.005	100	0.01	3	-71248023.5203013	-71248021.0109065
20	0.005	100	0.01	3	-71252455.8954705	-71252455.3262495
20	0.005	1000	0.01	3	-71318076.4358042	-71318065.6254269
20	0.005	1000	0.01	3	-71322163.313925	-71322165.6250162
20	0.005	1000	0.01	3	-71264604.5551736	-71264596.1781605
20	0.005	1000	0.01	3	-71263418.1850625	-71263403.749968
20	0.005	1000	0.01	3	-71327915.4976246	-71327915.8193383
20	0.005	1000	0.01	3	-71362739.009159	-71362735.1707539
20	0.005	1000	0.01	3	-71315039.7767612	-71315040.1722952
20	0.005	1000	0.01	3	-71335529.2544723	-71335529.3432913
20	0.005	1000	0.01	3	-71293826.4517902	-71293826.7497189
20	0.005	1000	0.01	3	-71334596.4138657	-71334596.7367755
20	0.005	1000	0.01	3	-71329024.6383234	-71329024.4916557
20	0.005	1000	0.01	3	-71305629.1003409	-71305613.8089665
20	0.005	1000	0.01	3	-71336818.5676559	-71336806.3301418
20	0.005	1000	0.01	3	-71280354.5294376	-71280347.2818676
20	0.005	1000	0.01	3	-71308310.2129991	-71308310.5540729
20	0.005	1000	0.01	3	-71255039.9278789	-71255024.7671659
20	0.005	1000	0.01	3	-71386328.2008627	-71386322.9507758
20	0.005	1000	0.01	3	-71312302.6924163	-71312297.601883
20	0.005	1000	0.01	3	-71297003.1175013	-71296994.5218954
20	0.005	1000	0.01	3	-71302221.8642343	-71302216.7607478
20	0.005	100	0.02	4	-71265714.1705498	-71265715.1354061
20	0.005	100	0.02	4	-71238950.7780929	-71238947.8479975
20	0.005	100	0.02	4	-71280361.9495383	-71280359.9218535
20	0.005	100	0.02	4	-71226569.5315802	-71226566.3883645
20	0.005	100	0.02	4	-71265200.5857882	-71265193.8391787
20	0.005	100	0.02	4	-71247962.8852296	-71247957.1478992
20	0.005	100	0.02	4	-71262405.9267078	-71262406.0075095
20	0.005	100	0.02	4	-71286964.2218585	-71286961.0141551
20	0.005	100	0.02	4	-71355096.5787444	-71355091.5156233
20	0.005	100	0.02	4	-71235295.4599526	-71235295.6063976
20	0.005	100	0.02	4	-71245540.4243937	-71245537.5229625
20	0.005	100	0.02	4	-71310834.0762935	-71310830.611064
20	0.005	100	0.02	4	-71244471.6529697	-71244468.1803731
20	0.005	100	0.02	4	-71307343.2352023	-71307340.1226965
20	0.005	100	0.02	4	-71311746.4413092	-71311745.5209653
20	0.005	100	0.02	4	-71267757.3998211	-71267746.8729062
20	0.005	100	0.02	4	-71333563.3336072	-71333562.9909854
20	0.005	100	0.02	4	-71266761.4612706	-71266758.214605
20	0.005	100	0.02	4	-71242949.609462	-71242949.6634284
20	0.005	100	0.02	4	-71261147.3591191	-71261142.0467517
20	0.005	100	0.02	3	-71274126.6396641	-71274126.6204127
20	0.005	100	0.02	3	-71285567.8629435	-71285565.6298776
20	0.005	100	0.02	3	-71277276.3330241	-71277275.7001948
20	0.005	100	0.02	3	-71243603.2194033	-71243603.2387334
20	0.005	100	0.02	3	-71297985.3889397	-71297985.6045479
20	0.005	100	0.02	3	-71277860.2466192	-71277859.9891354
20	0.005	100	0.02	3	-71264580.4143178	-71264578.6829348
20	0.005	100	0.02	3	-71291702.6858327	-71291701.6937967
20	0.005	100	0.02	3	-71236819.0687753	-71236819.1892097
20	0.005	100	0.02	3	-71280818.6004149	-71280816.1464584
20	0.005	100	0.02	3	-71252316.8653626	-71252315.9397138
20	0.005	100	0.02	3	-71288093.3382963	-71288091.4592313
20	0.005	100	0.02	3	-71216659.0985118	-71216659.1888477
20	0.005	100	0.02	3	-71303380.6746569	-71303380.6839297
20	0.005	100	0.02	3	-71296382.8148822	-71296382.8286653
20	0.005	100	0.02	3	-71203335.5179376	-71203335.5343633
20	0.005	100	0.02	3	-71284149.3669765	-71284148.7740695
20	0.005	100	0.02	3	-71228435.6231494	-71228432.6189135
20	0.005	100	0.02	3	-71278152.7016137	-71278152.5766711
20	0.005	100	0.02	3	-71252472.7621335	-71252469.8801204
20	0.01	100	0.01	3	-71216643.5578279	-71216643.5944816
20	0.01	100	0.01	3	-71211015.3619754	-71211015.5829606
20	0.01	100	0.01	3	-71249898.7920111	-71249897.771047
20	0.01	100	0.01	3	-71314989.7420127	-71314988.4555079
20	0.01	100	0.01	3	-71258878.6171107	-71258868.5310441
20	0.01	100	0.01	3	-71230456.7177687	-71230455.0877886
20	0.01	100	0.01	3	-71255439.4025812	-71255436.8601163
20	0.01	100	0.01	3	-71231899.079847	-71231895.4135653
20	0.01	100	0.01	3	-71247224.6461826	-71247224.2293649
20	0.01	100	0.01	3	-71239363.2382664	-71239361.8819693
20	0.01	100	0.01	3	-71297269.7349778	-71297269.9728925
20	0.01	100	0.01	3	-71225510.4758944	-71225504.1351656
20	0.01	100	0.01	3	-71318211.3027596	-71318209.3305748
20	0.01	100	0.01	3	-71264061.6390414	-71264059.8963237
20	0.01	100	0.01	3	-71323376.3627518	-71323371.1188836
20	0.01	100	0.01	3	-71305526.254522	-71305525.0347452
20	0.01	100	0.01	3	-71258078.8557769	-71258076.371789
20	0.01	100	0.01	3	-71203338.8467869	-71203336.5411602
20	0.01	100	0.01	3	-71247753.7694357	-71247752.5189762
20	0.01	100	0.01	3	-71179117.5956225	-71179115.1673205
20	0.01	100	0.01	4	-71210239.0848891	-71210236.177403
20	0.01	100	0.01	4	-71316214.2796588	-71316216.012919
20	0.01	100	0.01	4	-71242645.0604735	-71242633.9412706
20	0.01	100	0.01	4	-71334519.093735	-71334517.2405253
20	0.01	100	0.01	4	-71339302.0286382	-71339296.7768043
20	0.01	100	0.01	4	-71234726.3482432	-71234725.1269784
20	0.01	100	0.01	4	-71360210.9488355	-71360199.9847427
20	0.01	100	0.01	4	-71277920.3568967	-71277919.839331
20	0.01	100	0.01	4	-71214664.6025556	-71214660.4690087
20	0.01	100	0.01	4	-71285848.7840653	-71285847.02006
20	0.01	100	0.01	4	-71248250.5782554	-71248244.2119934
20	0.01	100	0.01	4	-71324426.3409154	-71324425.2801285
20	0.01	100	0.01	4	-71228034.818101	-71228031.5792706
20	0.01	100	0.01	4	-71254417.6017592	-71254411.3969609
20	0.01	100	0.01	4	-71336133.8707751	-71336131.7161079
20	0.01	100	0.01	4	-71179511.9777404	-71179504.1332657
20	0.01	100	0.01	4	-71336270.6305804	-71336259.6811614
20	0.01	100	0.01	4	-71281024.441431	-71281023.5718718
20	0.01	100	0.01	4	-71347245.088353	-71347240.5420727
20	0.01	100	0.01	4	-71266655.5617264	-71266654.2683773
20	0.01	1000	0.01	4	-71294244.6662834	-71294215.8945666
20	0.01	1000	0.01	4	-71369754.543624	-71369725.0743055
20	0.01	1000	0.01	4	-71315890.0815373	-71315874.9188378
20	0.01	1000	0.01	4	-71349286.0408736	-71349273.1037865
20	0.01	1000	0.01	4	-71352269.8739233	-71352265.5910946
20	0.01	1000	0.01	4	-71318716.1085502	-71318714.7169819
20	0.01	1000	0.01	4	-71394501.9814081	-71394476.4350921
20	0.01	1000	0.01	4	-71334498.8413597	-71334496.176591
20	0.01	1000	0.01	4	-71326701.8478302	-71326692.5891306
20	0.01	1000	0.01	4	-71327291.7780211	-71327276.6934819
20	0.01	1000	0.01	4	-71372698.383948	-71372696.9364689
20	0.01	1000	0.01	4	-71344829.3969731	-71344825.0868388
20	0.01	1000	0.01	4	-71308647.5370151	-71308642.3771905
20	0.01	1000	0.01	4	-71318033.5240637	-71317943.459998
20	0.01	1000	0.01	4	-71319740.0471134	-71319731.1833011
20	0.01	1000	0.01	4	-71291701.7227135	-71291657.0813795
20	0.01	1000	0.01	4	-71317009.472442	-71316977.2861962
20	0.01	1000	0.01	4	-71334594.4203306	-71334568.3083049
20	0.01	1000	0.01	4	-71339189.7809285	-71339124.4520915
20	0.01	1000	0.01	4	-71376196.8714424	-71376142.1858302
20	0.01	100	0.02	4	-71226103.9095302	-71226103.9600063
20	0.01	100	0.02	4	-71309326.4722212	-71309320.8117516
20	0.01	100	0.02	4	-71262655.1008919	-71262654.0789277
20	0.01	100	0.02	4	-71376389.3692952	-71376383.2358061
20	0.01	100	0.02	4	-71271819.6801726	-71271811.369713
20	0.01	100	0.02	4	-71304599.873448	-71304597.1913872
20	0.01	100	0.02	4	-71270818.2803413	-71270811.2690526
20	0.01	100	0.02	4	-71297113.7946352	-71297107.73452
20	0.01	100	0.02	4	-71317038.107613	-71317038.0495423
20	0.01	100	0.02	4	-71285560.6319456	-71285549.0947939
20	0.01	100	0.02	4	-71322058.8731023	-71322058.6642759
20	0.01	100	0.02	4	-71287507.9614477	-71287500.8410914
20	0.01	100	0.02	4	-71299348.237832	-71299338.4953871
20	0.01	100	0.02	4	-71321376.4941296	-71321376.6597785
20	0.01	100	0.02	4	-71269855.4627889	-71269855.375862
20	0.01	100	0.02	4	-71260779.2846406	-71260769.6259541
20	0.01	100	0.02	4	-71317737.162298	-71317720.070713
20	0.01	100	0.02	4	-71256290.2826601	-71256289.2354814
20	0.01	100	0.02	4	-71327743.331327	-71327742.6092032
20	0.01	100	0.02	4	-71277925.3599707	-71277919.2344309
20	0.005	1000	0.02	4	-71308632.8747207	-71308555.9881237
20	0.005	1000	0.02	4	-71275646.3335472	-71275640.4156083
20	0.005	1000	0.02	4	-71290675.232689	-71290659.8815899
20	0.005	1000	0.02	4	-71306267.46583	-71306233.2061742
20	0.005	1000	0.02	4	-71314524.3519729	-71314519.4461874
20	0.005	1000	0.02	4	-71331808.8940376	-71331810.0014397
20	0.005	1000	0.02	4	-71297462.4152863	-71297432.5707084
20	0.005	1000	0.02	4	-71344992.3732223	-71344995.3542631
20	0.005	1000	0.02	4	-71278376.6251582	-71278363.568323
20	0.005	1000	0.02	4	-71348302.6631809	-71348279.0627473
20	0.005	1000	0.02	4	-71318672.0525272	-71318666.2115753
20	0.005	1000	0.02	4	-71294909.3783707	-71294906.9375873
20	0.005	1000	0.02	4	-71285806.5955713	-71285806.6924684
20	0.005	1000	0.02	4	-71348564.258788	-71348564.4627083
20	0.005	1000	0.02	4	-71245131.134812	-71245132.1925157
20	0.005	1000	0.02	4	-71320595.0077186	-71320592.2399853
20	0.005	1000	0.02	4	-71341809.359266	-71341808.204744
20	0.005	1000	0.02	4	-71341602.6512897	-71341568.9774206
20	0.005	1000	0.02	4	-71292962.0525445	-71292965.8020301
20	0.005	1000	0.02	4	-71386693.3233002	-71386687.4534279
20	0.01	1000	0.02	3	-71246825.3917723	-71246816.6597615
20	0.01	1000	0.02	3	-71364297.0229265	-71364274.767045
20	0.01	1000	0.02	3	-71261974.1389866	-71261974.9972172
20	0.01	1000	0.02	3	-71326059.1195489	-71325978.8995612
20	0.01	1000	0.02	3	-71356594.3603074	-71356546.750836
20	0.01	1000	0.02	3	-71335049.0710641	-71335028.1707882
20	0.01	1000	0.02	3	-71292796.3881095	-71292797.4022144
20	0.01	1000	0.02	3	-71380201.2759215	-71380181.757588
20	0.01	1000	0.02	3	-71282788.3379562	-71282786.2898178
20	0.01	1000	0.02	3	-71313772.4101672	-71313759.1984442
20	0.01	1000	0.02	3	-71340135.6351476	-71340116.0381531
20	0.01	1000	0.02	3	-71338204.0043388	-71338189.5520309
20	0.01	1000	0.02	3	-71309332.9395191	-71309331.5244565
20	0.01	1000	0.02	3	-71267278.8980305	-71267271.5960089
20	0.01	1000	0.02	3	-71282141.406716	-71282134.5725865
20	0.01	1000	0.02	3	-71366246.9490361	-71366247.0765402
20	0.01	1000	0.02	3	-71272129.0689207	-71272117.8513596
20	0.01	1000	0.02	3	-71301666.2091691	-71301666.3020576
20	0.01	1000	0.02	3	-71277575.7307364	-71277501.4912587
20	0.01	1000	0.02	3	-71325984.7519187	-71325977.2967016
20	0.005	1000	0.01	4	-71290643.6673215	-71290647.096394
20	0.005	1000	0.01	4	-71275725.9636362	-71275727.8044095
20	0.005	1000	0.01	4	-71248117.9791	-71248109.0888323
20	0.005	1000	0.01	4	-71316881.7710454	-71316881.9934852
20	0.005	1000	0.01	4	-71291676.5604942	-71291634.6486641
20	0.005	1000	0.01	4	-71290370.661598	-71290365.6794099
20	0.005	1000	0.01	4	-71284685.1400361	-71284645.9665396
20	0.005	1000	0.01	4	-71293813.8907086	-71293812.7176359
20	0.005	1000	0.01	4	-71308642.6345309	-71308647.5676273
20	0.005	1000	0.01	4	-71255778.3068172	-71255749.3630721
20	0.005	1000	0.01	4	-71318996.1783911	-71318984.5196178
20	0.005	1000	0.01	4	-71348899.1353393	-71348894.9553978
20	0.005	1000	0.01	4	-71278394.4521491	-71278395.0787694
20	0.005	1000	0.01	4	-71252135.112986	-71252132.6411734
20	0.005	1000	0.01	4	-71368801.8097436	-71368795.3608859
20	0.005	1000	0.01	4	-71339176.2030479	-71339177.7291194
20	0.005	1000	0.01	4	-71246319.2397459	-71246314.5815211
20	0.005	1000	0.01	4	-71339572.7643245	-71339569.2911665
20	0.005	1000	0.01	4	-71322848.3800711	-71322846.366769
20	0.005	1000	0.01	4	-71364225.1755686	-71364186.2351876
20	0.01	100	0.02	3	-71263100.5936004	-71263094.9069664
20	0.01	100	0.02	3	-71348364.631537	-71348356.5507206
20	0.01	100	0.02	3	-71278818.1935621	-71278815.4480913
20	0.01	100	0.02	3	-71261198.7454509	-71261198.8672273
20	0.01	100	0.02	3	-71276984.4199524	-71276982.727168
20	0.01	100	0.02	3	-71302214.2355715	-71302214.2061222
20	0.01	100	0.02	3	-71303110.025898	-71303109.9479464
20	0.01	100	0.02	3	-71238591.7346398	-71238583.7692162
20	0.01	100	0.02	3	-71189057.0680746	-71189052.2116273
20	0.01	100	0.02	3	-71212944.265522	-71212943.9853328
20	0.01	100	0.02	3	-71247710.5648081	-71247709.8233295
20	0.01	100	0.02	3	-71235907.8317232	-71235896.9694709
20	0.01	100	0.02	3	-71267657.2954453	-71267653.1492732
20	0.01	100	0.02	3	-71240472.7987087	-71240471.6436138
20	0.01	100	0.02	3	-71220576.6930864	-71220568.3770321
20	0.01	100	0.02	3	-71249054.1794987	-71249054.1234486
20	0.01	100	0.02	3	-71262821.0871875	-71262820.6748957
20	0.01	100	0.02	3	-71274993.4612835	-71274993.4277246
20	0.01	100	0.02	3	-71207646.4020588	-71207639.770142
20	0.01	100	0.02	3	-71275918.0088676	-71275916.2654207
20	0.005	100	0.01	4	-71232285.344358	-71232285.3084487
20	0.005	100	0.01	4	-71306937.6843896	-71306937.9438213
20	0.005	100	0.01	4	-71273548.4966511	-71273547.8436759
20	0.005	100	0.01	4	-71254980.1337604	-71254980.0073998
20	0.005	100	0.01	4	-71309982.8636341	-71309983.0145186
20	0.005	100	0.01	4	-71244080.2286049	-71244076.3221287
20	0.005	100	0.01	4	-71329998.9821097	-71329999.3813413
20	0.005	100	0.01	4	-71238565.3082712	-71238565.5083037
20	0.005	100	0.01	4	-71245107.6284594	-71245107.6945803
20	0.005	100	0.01	4	-71267301.9544839	-71267300.4036029
20	0.005	100	0.01	4	-71259463.7206389	-71259463.4975591
20	0.005	100	0.01	4	-71291536.4291122	-71291536.4819997
20	0.005	100	0.01	4	-71301170.1027228	-71301170.6447602
20	0.005	100	0.01	4	-71320761.6450056	-71320760.8544707
20	0.005	100	0.01	4	-71172788.7406923	-71172786.2017549
20	0.005	100	0.01	4	-71307059.6667381	-71307057.5129592
20	0.005	100	0.01	4	-71217748.4009182	-71217746.142997
20	0.005	100	0.01	4	-71247955.1309618	-71247955.2243803
20	0.005	100	0.01	4	-71279591.9523333	-71279590.705339
20	0.005	100	0.01	4	-71306357.3875757	-71306356.2051986
20	0.01	200	0.02	4	-71316905.9213857	-71316890.3847028
20	0.01	200	0.02	4	-71271518.9623688	-71271505.081605
20	0.01	200	0.02	4	-71275952.6287234	-71275946.0439963
20	0.01	200	0.02	4	-71305618.8982477	-71305610.4339755
20	0.01	200	0.02	4	-71273389.0787822	-71273387.7783869
20	0.01	200	0.02	4	-71255993.8981616	-71255989.9952288
20	0.01	200	0.02	4	-71245829.7787875	-71245829.963605
20	0.01	200	0.02	4	-71275736.2190582	-71275731.1543142
20	0.01	200	0.02	4	-71284134.3474183	-71284128.6135094
20	0.01	200	0.02	4	-71313339.8006985	-71313337.8915104
20	0.01	200	0.02	4	-71229686.6270725	-71229674.6768962
20	0.01	200	0.02	4	-71312388.0044419	-71312384.0163801
20	0.01	200	0.02	4	-71288793.6812679	-71288781.8441798
20	0.01	200	0.02	4	-71254032.2896545	-71254031.6631128
20	0.01	200	0.02	4	-71305145.9230899	-71305139.2126941
20	0.01	200	0.02	4	-71346284.0919495	-71346273.0862879
20	0.01	200	0.02	4	-71298131.5926172	-71298129.5390208
20	0.01	200	0.02	4	-71329220.2986106	-71329200.5311574
20	0.01	200	0.02	4	-71381136.3099932	-71381126.9211627
20	0.01	200	0.02	4	-71358210.4904732	-71358199.1131545
20	0.01	200	0.02	3	-71258004.726632	-71258004.2235569
20	0.01	200	0.02	3	-71221599.389976	-71221591.0096496
20	0.01	200	0.02	3	-71301043.3530032	-71301040.0374626
20	0.01	200	0.02	3	-71209515.5455812	-71209503.3107708
20	0.01	200	0.02	3	-71282200.6516656	-71282195.3946138
20	0.01	200	0.02	3	-71270672.3628965	-71270672.6961
20	0.01	200	0.02	3	-71259792.2714381	-71259792.6708001
20	0.01	200	0.02	3	-71304231.2646281	-71304231.6459707
20	0.01	200	0.02	3	-71299676.9085861	-71299672.7908829
20	0.01	200	0.02	3	-71268836.7129686	-71268836.7305042
20	0.01	200	0.02	3	-71298286.7157867	-71298285.4036972
20	0.01	200	0.02	3	-71313471.2968399	-71313471.2035775
20	0.01	200	0.02	3	-71281679.5998347	-71281668.8156605
20	0.01	200	0.02	3	-71313800.8554909	-71313796.8761275
20	0.01	200	0.02	3	-71253401.7619057	-71253389.5584529
20	0.01	200	0.02	3	-71192503.917048	-71192501.5334415
20	0.01	200	0.02	3	-71273779.2775034	-71273778.5090891
20	0.01	200	0.02	3	-71267079.0466233	-71267075.5307069
20	0.01	200	0.02	3	-71256201.7429311	-71256201.0564805
20	0.01	200	0.02	3	-71348537.2948135	-71348533.8112761
20	0.005	500	0.02	3	-71285841.3266606	-71285838.6929781
20	0.005	500	0.02	3	-71303251.3888294	-71303240.6926419
20	0.005	500	0.02	3	-71281083.9641208	-71281082.6007332
20	0.005	500	0.02	3	-71307681.351051	-71307660.2664264
20	0.005	500	0.02	3	-71315792.1151255	-71315792.3186465
20	0.005	500	0.02	3	-71299687.9538789	-71299685.2773622
20	0.005	500	0.02	3	-71312651.7858658	-71312651.8839885
20	0.005	500	0.02	3	-71265284.4258782	-71265284.3920795
20	0.005	500	0.02	3	-71268959.9664867	-71268919.5703486
20	0.005	500	0.02	3	-71284859.4932718	-71284855.7689842
20	0.005	500	0.02	3	-71199396.461387	-71199393.2949135
20	0.005	500	0.02	3	-71302100.016516	-71302100.1418258
20	0.005	500	0.02	3	-71257429.1899487	-71257420.8738681
20	0.005	500	0.02	3	-71263033.0046891	-71263033.6305256
20	0.005	500	0.02	3	-71260224.7213486	-71260209.1220114
20	0.005	500	0.02	3	-71282187.0695579	-71282187.1910363
20	0.005	500	0.02	3	-71261134.720998	-71261125.9756078
20	0.005	500	0.02	3	-71321013.1140615	-71321012.4270829
20	0.005	500	0.02	3	-71300143.3051239	-71300141.2710884
20	0.005	500	0.02	3	-71298921.2583515	-71298921.4048187
20	0.01	500	0.02	4	-71313015.0700521	-71312978.1767563
20	0.01	500	0.02	4	-71307782.3479496	-71307778.6763385
20	0.01	500	0.02	4	-71290149.6343921	-71290132.0887748
20	0.01	500	0.02	4	-71397141.9983332	-71397073.3481198
20	0.01	500	0.02	4	-71348436.5404146	-71348425.8198653
20	0.01	500	0.02	4	-71357301.7456001	-71357283.3492878
20	0.01	500	0.02	4	-71336152.8106738	-71336137.9557099
20	0.01	500	0.02	4	-71299189.717547	-71299158.1770258
20	0.01	500	0.02	4	-71313792.9230338	-71313744.3822688
20	0.01	500	0.02	4	-71324390.3576947	-71324390.3948903
20	0.01	500	0.02	4	-71343339.29687	-71343330.6494552
20	0.01	500	0.02	4	-71292687.434232	-71292683.5942764
20	0.01	500	0.02	4	-71320192.2659204	-71320150.8382066
20	0.01	500	0.02	4	-71349836.093955	-71349821.8546252
20	0.01	500	0.02	4	-71282807.706716	-71282800.4209023
20	0.01	500	0.02	4	-71326136.7359831	-71326132.00585
20	0.01	500	0.02	4	-71288709.6616318	-71288698.7125641
20	0.01	500	0.02	4	-71412217.1205326	-71412184.0455673
20	0.01	500	0.02	4	-71347213.8062198	-71347211.9602652
20	0.01	500	0.02	4	-71388665.7123587	-71388594.1135608
20	0.01	500	0.02	3	-71259029.9974559	-71259030.0263893
20	0.01	500	0.02	3	-71343069.799513	-71343052.97041
20	0.01	500	0.02	3	-71323080.5260451	-71323044.5707436
20	0.01	500	0.02	3	-71401431.6596563	-71401419.6975132
20	0.01	500	0.02	3	-71276837.2486641	-71276837.3578376
20	0.01	500	0.02	3	-71310900.9993681	-71310892.703658
20	0.01	500	0.02	3	-71275936.9698217	-71275934.5850651
20	0.01	500	0.02	3	-71225829.0731792	-71225794.4637077
20	0.01	500	0.02	3	-71264316.2965151	-71264313.4802875
20	0.01	500	0.02	3	-71282331.7271407	-71282303.2789871
20	0.01	500	0.02	3	-71305590.1295292	-71305563.5993302
20	0.01	500	0.02	3	-71217035.993085	-71217024.9967545
20	0.01	500	0.02	3	-71300186.6325809	-71300166.8493221
20	0.01	500	0.02	3	-71320554.6225697	-71320535.5524881
20	0.01	500	0.02	3	-71322600.3984044	-71322589.2370067
20	0.01	500	0.02	3	-71340005.6039134	-71339958.1491172
20	0.01	500	0.02	3	-71330082.8486118	-71330071.4648361
20	0.01	500	0.02	3	-71320864.1204724	-71320863.7764022
20	0.01	500	0.02	3	-71310148.5713863	-71310136.3710548
20	0.01	500	0.02	3	-71350089.2557355	-71350089.3543304
20	0.01	500	0.01	3	-71287287.9533092	-71287287.7885782
20	0.01	500	0.01	3	-71383299.5364424	-71383298.8502536
20	0.01	500	0.01	3	-71283580.220276	-71283573.573213
20	0.01	500	0.01	3	-71282376.455237	-71282376.0072283
20	0.01	500	0.01	3	-71337284.2350695	-71337278.886383
20	0.01	500	0.01	3	-71292109.9018134	-71292108.2694656
20	0.01	500	0.01	3	-71317123.0706346	-71317082.3528192
20	0.01	500	0.01	3	-71306815.6576659	-71306814.1695
20	0.01	500	0.01	3	-71285892.5746328	-71285886.08118
20	0.01	500	0.01	3	-71376023.2999401	-71376012.5445822
20	0.01	500	0.01	3	-71332451.8184009	-71332451.497423
20	0.01	500	0.01	3	-71236682.9594608	-71236683.1496823
20	0.01	500	0.01	3	-71336978.715723	-71336984.8782297
20	0.01	500	0.01	3	-71363750.7837436	-71363751.276246
20	0.01	500	0.01	3	-71304024.6893833	-71304013.1899302
20	0.01	500	0.01	3	-71270296.9181863	-71270296.7918198
20	0.01	500	0.01	3	-71264312.7300772	-71264313.1059239
20	0.01	500	0.01	3	-71352137.0547964	-71352137.4250216
20	0.01	500	0.01	3	-71248381.4548773	-71248378.0424882
20	0.01	500	0.01	3	-71227175.7208107	-71227154.3554862
20	0.005	200	0.01	4	-71306088.255051	-71306083.923909
20	0.005	200	0.01	4	-71277049.4544276	-71277034.5781369
20	0.005	200	0.01	4	-71266445.8632511	-71266439.0653946
20	0.005	200	0.01	4	-71226031.4303692	-71226024.560158
20	0.005	200	0.01	4	-71302691.7123966	-71302685.5598756
20	0.005	200	0.01	4	-71297291.8338173	-71297289.1453636
20	0.005	200	0.01	4	-71287266.8178414	-71287265.8789568
20	0.005	200	0.01	4	-71268154.8471029	-71268153.6590922
20	0.005	200	0.01	4	-71277921.6776525	-71277921.1218956
20	0.005	200	0.01	4	-71283870.1797456	-71283868.7892592
20	0.005	200	0.01	4	-71249661.2862584	-71249658.7460136
20	0.005	200	0.01	4	-71306137.3394776	-71306137.0240053
20	0.005	200	0.01	4	-71292904.3592905	-71292903.9843386
20	0.005	200	0.01	4	-71256883.2042593	-71256883.0053208
20	0.005	200	0.01	4	-71355818.9045252	-71355818.3619885
20	0.005	200	0.01	4	-71258946.7510004	-71258946.80959
20	0.005	200	0.01	4	-71274865.3379745	-71274863.7146886
20	0.005	200	0.01	4	-71243367.1387988	-71243359.7551019
20	0.005	200	0.01	4	-71213877.1582547	-71213872.5957999
20	0.005	200	0.01	4	-71320725.0001749	-71320715.6820713
20	0.005	500	0.02	4	-71295844.5743981	-71295846.2419047
20	0.005	500	0.02	4	-71299655.3428109	-71299652.9981379
20	0.005	500	0.02	4	-71308273.1976619	-71308247.9557989
20	0.005	500	0.02	4	-71374011.5915213	-71374011.725826
20	0.005	500	0.02	4	-71291848.6639388	-71291844.912356
20	0.005	500	0.02	4	-71305612.0990194	-71305582.9882207
20	0.005	500	0.02	4	-71354791.145112	-71354766.8947724
20	0.005	500	0.02	4	-71295343.2566133	-71295341.7985458
20	0.005	500	0.02	4	-71370423.8911462	-71370423.6274391
20	0.005	500	0.02	4	-71311246.6533584	-71311225.425905
20	0.005	500	0.02	4	-71282087.4762048	-71282069.6601262
20	0.005	500	0.02	4	-71340015.2961043	-71339993.6885936
20	0.005	500	0.02	4	-71280374.0173974	-71280352.8325234
20	0.005	500	0.02	4	-71288947.1198409	-71288947.5841198
20	0.005	500	0.02	4	-71256364.6711521	-71256364.5339073
20	0.005	500	0.02	4	-71301135.6966345	-71301135.5907114
20	0.005	500	0.02	4	-71290440.9671506	-71290431.0213856
20	0.005	500	0.02	4	-71345983.8639732	-71345984.3119634
20	0.005	500	0.02	4	-71259733.8879016	-71259734.6995453
20	0.005	500	0.02	4	-71268446.6611926	-71268444.6460783
20	0.005	200	0.01	3	-71231090.1933042	-71231086.0695047
20	0.005	200	0.01	3	-71243237.5717378	-71243237.3983974
20	0.005	200	0.01	3	-71240058.5929529	-71240054.7994099
20	0.005	200	0.01	3	-71184709.3587226	-71184709.2444366
20	0.005	200	0.01	3	-71312101.5572781	-71312100.4773363
20	0.005	200	0.01	3	-71292576.2402283	-71292576.5131713
20	0.005	200	0.01	3	-71317379.7063713	-71317378.1730147
20	0.005	200	0.01	3	-71292382.2208392	-71292379.0331806
20	0.005	200	0.01	3	-71279616.1645539	-71279615.9690323
20	0.005	200	0.01	3	-71248014.2288646	-71248011.5981385
20	0.005	200	0.01	3	-71317026.1929055	-71317023.0256686
20	0.005	200	0.01	3	-71259847.3703407	-71259830.157466
20	0.005	200	0.01	3	-71240691.9894513	-71240689.0123205
20	0.005	200	0.01	3	-71279325.3180252	-71279325.3339314
20	0.005	200	0.01	3	-71237366.0259932	-71237354.7774889
20	0.005	200	0.01	3	-71243003.1957493	-71243003.2772987
20	0.005	200	0.01	3	-71320336.2189782	-71320334.8141656
20	0.005	200	0.01	3	-71282040.7813589	-71282040.8540842
20	0.005	200	0.01	3	-71350991.0079434	-71350984.5004395
20	0.005	200	0.01	3	-71263492.9814751	-71263492.2822618
20	0.005	200	0.02	4	-71262799.1060999	-71262801.0000148
20	0.005	200	0.02	4	-71216226.2193886	-71216224.5011331
20	0.005	200	0.02	4	-71334440.6997785	-71334429.8911787
20	0.005	200	0.02	4	-71221522.5796636	-71221522.5604824
20	0.005	200	0.02	4	-71347655.5662384	-71347654.6358654
20	0.005	200	0.02	4	-71226379.3036111	-71226379.332867
20	0.005	200	0.02	4	-71262679.2471985	-71262678.8335979
20	0.005	200	0.02	4	-71310313.2721911	-71310312.8794521
20	0.005	200	0.02	4	-71284157.6673179	-71284158.3074522
20	0.005	200	0.02	4	-71275248.9759031	-71275248.6756833
20	0.005	200	0.02	4	-71323270.4200966	-71323262.4364692
20	0.005	200	0.02	4	-71193016.3949509	-71193015.2056287
20	0.005	200	0.02	4	-71272678.0672055	-71272668.3810644
20	0.005	200	0.02	4	-71236377.5725832	-71236374.2744868
20	0.005	200	0.02	4	-71316111.3794091	-71316111.4538633
20	0.005	200	0.02	4	-71260241.0658149	-71260242.0510481
20	0.005	200	0.02	4	-71290123.0754472	-71290120.8353365
20	0.005	200	0.02	4	-71251332.239956	-71251328.7981392
20	0.005	200	0.02	4	-71292368.9032124	-71292368.2524235
20	0.005	200	0.02	4	-71264009.1578374	-71264005.6900244
20	0.005	200	0.02	3	-71279313.9035695	-71279314.1203837
20	0.005	200	0.02	3	-71283669.1822191	-71283667.9399217
20	0.005	200	0.02	3	-71257967.363666	-71257967.2037762
20	0.005	200	0.02	3	-71228619.3758895	-71228612.3710557
20	0.005	200	0.02	3	-71230803.9299112	-71230802.9362802
20	0.005	200	0.02	3	-71288077.5698022	-71288076.840633
20	0.005	200	0.02	3	-71229915.3957829	-71229914.4956186
20	0.005	200	0.02	3	-71279079.4796231	-71279074.4548733
20	0.005	200	0.02	3	-71236417.8179359	-71236415.4302982
20	0.005	200	0.02	3	-71271616.2540188	-71271618.0358099
20	0.005	200	0.02	3	-71277076.1684866	-71277068.7512494
20	0.005	200	0.02	3	-71297259.0233225	-71297257.693277
20	0.005	200	0.02	3	-71232064.1427385	-71232064.1601841
20	0.005	200	0.02	3	-71308228.7711121	-71308227.1782776
20	0.005	200	0.02	3	-71230331.6089604	-71230331.0603188
20	0.005	200	0.02	3	-71271707.8312566	-71271707.8480096
20	0.005	200	0.02	3	-71277574.3351468	-71277573.9022085
20	0.005	200	0.02	3	-71287126.8495742	-71287126.8322327
20	0.005	200	0.02	3	-71278076.3872982	-71278074.7295084
20	0.005	200	0.02	3	-71252608.9205192	-71252608.9077459
20	0.005	500	0.01	4	-71315058.213493	-71315059.7266063
20	0.005	500	0.01	4	-71284065.9842658	-71284056.8476367
20	0.005	500	0.01	4	-71306759.382466	-71306744.9601147
20	0.005	500	0.01	4	-71289166.8601511	-71289166.7733221
20	0.005	500	0.01	4	-71318139.6135037	-71318122.9817134
20	0.005	500	0.01	4	-71309738.4769949	-71309729.9069332
20	0.005	500	0.01	4	-71314424.8920685	-71314414.7092133
20	0.005	500	0.01	4	-71261206.5011579	-71261205.0661525
20	0.005	500	0.01	4	-71331843.0480514	-71331843.2386741
20	0.005	500	0.01	4	-71212791.5306493	-71212792.6691772
20	0.005	500	0.01	4	-71323848.4662913	-71323849.0019225
20	0.005	500	0.01	4	-71305898.6300796	-71305844.8851105
20	0.005	500	0.01	4	-71302900.0642376	-71302899.5237467
20	0.005	500	0.01	4	-71267099.6832766	-71267099.7975075
20	0.005	500	0.01	4	-71274450.2336084	-71274446.6246915
20	0.005	500	0.01	4	-71259165.2274886	-71259165.0741559
20	0.005	500	0.01	4	-71295942.3969887	-71295932.379136
20	0.005	500	0.01	4	-71224937.6030658	-71224916.480787
20	0.005	500	0.01	4	-71347525.4364408	-71347524.5726919
20	0.005	500	0.01	4	-71211932.6884123	-71211920.1886652
20	0.01	200	0.01	4	-71392541.2726249	-71392537.2724852
20	0.01	200	0.01	4	-71296900.6577742	-71296892.1135066
20	0.01	200	0.01	4	-71333734.7523009	-71333717.5135473
20	0.01	200	0.01	4	-71362517.0941854	-71362499.3006049
20	0.01	200	0.01	4	-71345068.8972672	-71345052.3377935
20	0.01	200	0.01	4	-71278525.234541	-71278510.3936341
20	0.01	200	0.01	4	-71362463.975535	-71362441.2166239
20	0.01	200	0.01	4	-71361961.0065186	-71361960.3527404
20	0.01	200	0.01	4	-71262275.8944592	-71262267.8601383
20	0.01	200	0.01	4	-71311554.4318794	-71311544.7496567
20	0.01	200	0.01	4	-71317987.7706152	-71317979.9809116
20	0.01	200	0.01	4	-71335411.2367991	-71335408.7703723
20	0.01	200	0.01	4	-71307941.9921741	-71307936.093708
20	0.01	200	0.01	4	-71271762.671881	-71271758.9638293
20	0.01	200	0.01	4	-71344144.5303105	-71344143.2636964
20	0.01	200	0.01	4	-71349185.8192875	-71349175.7607512
20	0.01	200	0.01	4	-71359790.0072626	-71359783.799945
20	0.01	200	0.01	4	-71336969.2007435	-71336968.7227839
20	0.01	200	0.01	4	-71282768.348144	-71282764.1409025
20	0.01	200	0.01	4	-71301227.6371121	-71301231.3723299
20	0.01	500	0.01	4	-71363227.4825151	-71363200.221773
20	0.01	500	0.01	4	-71357943.1713551	-71357917.9315645
20	0.01	500	0.01	4	-71239676.1971212	-71239627.1421831
20	0.01	500	0.01	4	-71341088.9071777	-71341033.8022018
20	0.01	500	0.01	4	-71309615.1982784	-71309606.7815605
20	0.01	500	0.01	4	-71317798.5633865	-71317776.2751768
20	0.01	500	0.01	4	-71341068.6636672	-71341069.3329967
20	0.01	500	0.01	4	-71277658.5843465	-71277646.6357159
20	0.01	500	0.01	4	-71323842.5122533	-71323835.3682254
20	0.01	500	0.01	4	-71319206.9857818	-71319191.4130277
20	0.01	500	0.01	4	-71262857.0657494	-71262845.6026539
20	0.01	500	0.01	4	-71330378.6584654	-71330368.0803461
20	0.01	500	0.01	4	-71261562.5651452	-71261560.3586091
20	0.01	500	0.01	4	-71396230.3237304	-71396203.3210313
20	0.01	500	0.01	4	-71251401.0710765	-71251386.2285597
20	0.01	500	0.01	4	-71302174.9283132	-71302157.8129428
20	0.01	500	0.01	4	-71269202.6454502	-71269161.372772
20	0.01	500	0.01	4	-71283179.3388438	-71283144.4537097
20	0.01	500	0.01	4	-71375514.3335531	-71375482.7188497
20	0.01	500	0.01	4	-71285861.2323584	-71285859.3341722
20	0.01	200	0.01	3	-71241502.3818499	-71241501.8417167
20	0.01	200	0.01	3	-71248266.3156381	-71248265.2643247
20	0.01	200	0.01	3	-71236682.6774247	-71236674.4206565
20	0.01	200	0.01	3	-71225719.6897741	-71225718.3599533
20	0.01	200	0.01	3	-71238858.1627376	-71238857.3274875
20	0.01	200	0.01	3	-71268065.7611505	-71268065.7738332
20	0.01	200	0.01	3	-71313224.5020884	-71313224.3567934
20	0.01	200	0.01	3	-71199063.907817	-71199062.3323097
20	0.01	200	0.01	3	-71288455.6600941	-71288453.8256514
20	0.01	200	0.01	3	-71270480.8129352	-71270473.6235827
20	0.01	200	0.01	3	-71296730.9966568	-71296721.2447192
20	0.01	200	0.01	3	-71262017.1211256	-71262016.5311068
20	0.01	200	0.01	3	-71295051.5598034	-71295044.311553
20	0.01	200	0.01	3	-71318581.3339059	-71318575.6876989
20	0.01	200	0.01	3	-71280072.0533537	-71280072.404689
20	0.01	200	0.01	3	-71199578.7655853	-71199573.4872456
20	0.01	200	0.01	3	-71274436.5926464	-71274436.7085468
20	0.01	200	0.01	3	-71253754.3696678	-71253752.4041122
20	0.01	200	0.01	3	-71220008.4209941	-71219999.6297158
20	0.01	200	0.01	3	-71354824.3239252	-71354812.0670629
20	0.005	500	0.01	3	-71346460.5836132	-71346456.1434848
20	0.005	500	0.01	3	-71315437.6652625	-71315434.9932602
20	0.005	500	0.01	3	-71282762.7169419	-71282762.0985695
20	0.005	500	0.01	3	-71299253.6069622	-71299251.1502596
20	0.005	500	0.01	3	-71204910.2897094	-71204905.9823066
20	0.005	500	0.01	3	-71224276.1978726	-71224276.1011952
20	0.005	500	0.01	3	-71277825.1090355	-71277822.1072455
20	0.005	500	0.01	3	-71262330.2348252	-71262330.4237754
20	0.005	500	0.01	3	-71344216.4534363	-71344208.4714174
20	0.005	500	0.01	3	-71346209.7930956	-71346207.9492803
20	0.005	500	0.01	3	-71255983.9533172	-71255981.5354619
20	0.005	500	0.01	3	-71295155.3892083	-71295155.3296589
20	0.005	500	0.01	3	-71347993.3335229	-71347992.6499358
20	0.005	500	0.01	3	-71312878.1852037	-71312858.9713174
20	0.005	500	0.01	3	-71299591.2635305	-71299580.5319168
20	0.005	500	0.01	3	-71243318.3724218	-71243318.671571
20	0.005	500	0.01	3	-71291340.4339492	-71291338.2125451
20	0.005	500	0.01	3	-71336502.7781768	-71336486.8256057
20	0.005	500	0.01	3	-71256118.6177266	-71256118.3764126
20	0.005	500	0.01	3	-71332709.0437893	-71332698.3377334
