count	sel	gens	dist	sites	null_lnl	alt_lnl
20	0.01	100	0.02	4	-71352351.2936488	-71352343.9080153
20	0.01	100	0.02	4	-71372925.4942846	-71372907.2792262
20	0.01	100	0.02	4	-71311108.880337	-71311059.7568804
20	0.01	100	0.02	4	-71321099.1913848	-71321076.853493
20	0.01	100	0.02	4	-71297595.9155538	-71297569.4034604
20	0.01	100	0.02	4	-71314949.5324717	-71314931.2805825
20	0.01	100	0.02	4	-71269051.2332041	-71269033.3532981
20	0.01	100	0.02	4	-71260410.7281613	-71260397.0197348
20	0.01	100	0.02	4	-71328209.4515943	-71328196.0678407
20	0.01	100	0.02	4	-71321634.4078264	-71321618.6944321
20	0.01	100	0.02	4	-71276539.1075128	-71276533.9106034
20	0.01	100	0.02	4	-71301712.3748054	-71301685.9418939
20	0.01	100	0.02	4	-71305334.1769882	-71305308.9987662
20	0.01	100	0.02	4	-71292831.3381277	-71292817.1976912
20	0.01	100	0.02	4	-71383505.9955447	-71383487.4124858
20	0.01	100	0.02	4	-71339315.9568819	-71339310.1038706
20	0.01	100	0.02	4	-71286847.222781	-71286823.2907165
20	0.01	100	0.02	4	-71312931.0207222	-71312890.0498758
20	0.01	100	0.02	4	-71305099.5237646	-71305060.6469583
20	0.01	100	0.02	4	-71311645.1574109	-71311624.0426825
20	0.01	100	0.02	3	-71227467.8849743	-71227433.3068723
20	0.01	100	0.02	3	-71223732.1888959	-71223720.3361322
20	0.01	100	0.02	3	-71286915.0254701	-71286879.4083833
20	0.01	100	0.02	3	-71292023.2059828	-71292014.0540076
20	0.01	100	0.02	3	-71320621.9839277	-71320614.3453095
20	0.01	100	0.02	3	-71321068.8541896	-71321042.0595581
20	0.01	100	0.02	3	-71296991.4371729	-71296967.1657148
20	0.01	100	0.02	3	-71316952.5373686	-71316923.5790583
20	0.01	100	0.02	3	-71251389.6357904	-71251380.4149257
20	0.01	100	0.02	3	-71335650.6275359	-71335629.6248676
20	0.01	100	0.02	3	-71283067.0632488	-71283064.1775027
20	0.01	100	0.02	3	-71288223.9095155	-71288198.8055294
20	0.01	100	0.02	3	-71285665.0696139	-71285601.5593279
20	0.01	100	0.02	3	-71286679.0490135	-71286669.43976
20	0.01	100	0.02	3	-71282712.1409025	-71282701.8334741
20	0.01	100	0.02	3	-71221865.3424233	-71221837.4824933
20	0.01	100	0.02	3	-71302394.7116289	-71302368.1670691
20	0.01	100	0.02	3	-71261895.0892933	-71261875.6371545
20	0.01	100	0.02	3	-71306355.2581957	-71306332.3936612
20	0.01	100	0.02	3	-71258410.0175127	-71258392.9168015
20	0.005	1000	0.02	3	-71321563.2621556	-71321461.0707287
20	0.005	1000	0.02	3	-71270322.6371749	-71270155.4181023
20	0.005	1000	0.02	3	-71293039.1073506	-71292715.3518234
20	0.005	1000	0.02	3	-71303558.2175503	-71303263.4763789
20	0.005	1000	0.02	3	-71362885.3653014	-71362602.728614
20	0.005	1000	0.02	3	-71281449.5815106	-71281250.2549532
20	0.005	1000	0.02	3	-71360590.1074131	-71360343.715375
20	0.005	1000	0.02	3	-71342034.4697589	-71341709.3517928
20	0.005	1000	0.02	3	-71286968.2520469	-71286817.3477651
20	0.005	1000	0.02	3	-71332186.1913432	-71331839.2477891
20	0.005	1000	0.02	3	-71338396.8255087	-71338166.0951768
20	0.005	1000	0.02	3	-71299213.1137951	-71298873.8193201
20	0.005	1000	0.02	3	-71313606.4807129	-71313385.3649189
20	0.005	1000	0.02	3	-71308888.9534727	-71308666.0338402
20	0.005	1000	0.02	3	-71321304.7544505	-71320954.5563172
20	0.005	1000	0.02	3	-71295447.8525912	-71295153.9840254
20	0.005	1000	0.02	3	-71242387.4354858	-71242207.7647896
20	0.005	1000	0.02	3	-71319611.3493995	-71319412.4948975
20	0.005	1000	0.02	3	-71332092.0887023	-71331622.5373208
20	0.005	1000	0.02	3	-71313893.2342096	-71313582.8451709
20	0.01	1000	0.02	4	-71351457.2722311	-71350856.0411057
20	0.01	1000	0.02	4	-71416227.8536209	-71415352.8908312
20	0.01	1000	0.02	4	-71378573.2408355	-71377861.914863
20	0.01	1000	0.02	4	-71396099.8637917	-71395407.9774764
20	0.01	1000	0.02	4	-71446969.9348154	-71445921.2242699
20	0.01	1000	0.02	4	-71395087.4320234	-71394508.162742
20	0.01	1000	0.02	4	-71404821.7686465	-71404103.9277941
20	0.01	1000	0.02	4	-71331328.9164466	-71330233.9003041
20	0.01	1000	0.02	4	-71368976.3111589	-71368292.8600977
20	0.01	1000	0.02	4	-71368761.4590163	-71367745.3978848
20	0.01	1000	0.02	4	-71382871.2195741	-71382239.5582713
20	0.01	1000	0.02	4	-71364531.8766145	-71363792.6993994
20	0.01	1000	0.02	4	-71381678.2313081	-71380888.5957593
20	0.01	1000	0.02	4	-71339334.0309345	-71338687.7006069
20	0.01	1000	0.02	4	-71408547.778768	-71407710.3123171
20	0.01	1000	0.02	4	-71357541.1780913	-71357015.1108091
20	0.01	1000	0.02	4	-71473000.946229	-71472289.7424681
20	0.01	1000	0.02	4	-71351983.1322663	-71351126.0077551
20	0.01	1000	0.02	4	-71369684.3589334	-71368977.8146393
20	0.01	1000	0.02	4	-71348505.8805278	-71347693.3373963
20	0.01	1000	0.02	3	-71357534.5172466	-71356823.2122478
20	0.01	1000	0.02	3	-71396364.4108783	-71395668.4632802
20	0.01	1000	0.02	3	-71350589.7557867	-71349815.8186539
20	0.01	1000	0.02	3	-71331648.903659	-71331278.4703784
20	0.01	1000	0.02	3	-71345890.2607335	-71345246.1339899
20	0.01	1000	0.02	3	-71349488.9326596	-71349038.8227372
20	0.01	1000	0.02	3	-71338540.4614786	-71337846.6109972
20	0.01	1000	0.02	3	-71406530.5423411	-71406014.1995249
20	0.01	1000	0.02	3	-71350763.2238117	-71350101.0359363
20	0.01	1000	0.02	3	-71355946.0844731	-71355270.908157
20	0.01	1000	0.02	3	-71407753.6532344	-71406901.8688859
20	0.01	1000	0.02	3	-71391843.2951923	-71391280.6875929
20	0.01	1000	0.02	3	-71354227.9589714	-71353634.0487449
20	0.01	1000	0.02	3	-71387348.1253659	-71386798.9433899
20	0.01	1000	0.02	3	-71363867.1724722	-71363214.0569639
20	0.01	1000	0.02	3	-71351435.1600494	-71350986.3392488
20	0.01	1000	0.02	3	-71372752.5087113	-71372140.6436141
20	0.01	1000	0.02	3	-71286464.3668448	-71285765.4288514
20	0.01	1000	0.02	3	-71323637.9789802	-71322746.1370605
20	0.01	1000	0.02	3	-71393434.8711318	-71392734.2936898
20	0.01	1000	0.01	3	-71373664.1165258	-71373321.2128262
20	0.01	1000	0.01	3	-71304263.0882777	-71303893.9357393
20	0.01	1000	0.01	3	-71391607.705524	-71391157.7760731
20	0.01	1000	0.01	3	-71325764.22262	-71325356.2514965
20	0.01	1000	0.01	3	-71399673.932429	-71399220.7983364
20	0.01	1000	0.01	3	-71353818.8708967	-71353502.8542014
20	0.01	1000	0.01	3	-71328201.7164576	-71327808.8658445
20	0.01	1000	0.01	3	-71320558.0627302	-71320237.6585783
20	0.01	1000	0.01	3	-71289227.5573244	-71288907.6395326
20	0.01	1000	0.01	3	-71283109.6947951	-71282754.2530984
20	0.01	1000	0.01	3	-71390745.6008323	-71390381.357803
20	0.01	1000	0.01	3	-71328810.7127616	-71328439.9599799
20	0.01	1000	0.01	3	-71279740.3791616	-71279486.5985662
20	0.01	1000	0.01	3	-71336075.9774498	-71335624.3994132
20	0.01	1000	0.01	3	-71340930.668982	-71340539.2829967
20	0.01	1000	0.01	3	-71419202.2253437	-71418884.5834962
20	0.01	1000	0.01	3	-71383810.4061372	-71383381.9723103
20	0.01	1000	0.01	3	-71275833.5463421	-71275511.0473101
20	0.01	1000	0.01	3	-71334069.7882615	-71333694.3418024
20	0.01	1000	0.01	3	-71313806.7811225	-71313450.6404645
20	0.005	100	0.01	4	-71299326.8998592	-71299326.1189097
20	0.005	100	0.01	4	-71227065.887751	-71227059.4681025
20	0.005	100	0.01	4	-71276014.7100139	-71276009.2614227
20	0.005	100	0.01	4	-71265004.1514376	-71265000.8718352
20	0.005	100	0.01	4	-71234796.9082339	-71234788.9706593
20	0.005	100	0.01	4	-71231241.5438505	-71231240.2283621
20	0.005	100	0.01	4	-71291346.1137156	-71291341.5964014
20	0.005	100	0.01	4	-71234811.4078382	-71234810.3764404
20	0.005	100	0.01	4	-71279610.8753182	-71279606.4230322
20	0.005	100	0.01	4	-71205536.2744113	-71205535.6457182
20	0.005	100	0.01	4	-71266029.3381254	-71266024.0068469
20	0.005	100	0.01	4	-71245208.6821614	-71245201.1480089
20	0.005	100	0.01	4	-71220911.1649924	-71220908.0825711
20	0.005	100	0.01	4	-71237180.0131775	-71237162.9372855
20	0.005	100	0.01	4	-71257865.0955391	-71257865.0671664
20	0.005	100	0.01	4	-71247000.5642794	-71246994.7475653
20	0.005	100	0.01	4	-71282825.7253497	-71282814.6521435
20	0.005	100	0.01	4	-71289878.2362738	-71289876.5106636
20	0.005	100	0.01	4	-71230379.9158916	-71230375.9255975
20	0.005	100	0.01	4	-71273377.0620786	-71273368.1222281
20	0.005	1000	0.02	4	-71344858.4602549	-71344692.2001361
20	0.005	1000	0.02	4	-71309439.2472031	-71309195.1819261
20	0.005	1000	0.02	4	-71389509.5082915	-71389104.8502219
20	0.005	1000	0.02	4	-71381819.5748172	-71381564.7628957
20	0.005	1000	0.02	4	-71408643.2416258	-71408286.6833059
20	0.005	1000	0.02	4	-71368860.5740867	-71368496.9287429
20	0.005	1000	0.02	4	-71338160.501198	-71337864.5194518
20	0.005	1000	0.02	4	-71395052.8556394	-71394615.8318855
20	0.005	1000	0.02	4	-71385932.8850857	-71385716.236542
20	0.005	1000	0.02	4	-71247298.2968949	-71247061.2510137
20	0.005	1000	0.02	4	-71301277.4757504	-71301091.7001987
20	0.005	1000	0.02	4	-71338363.8460995	-71337977.8578977
20	0.005	1000	0.02	4	-71374950.4032155	-71374658.7349527
20	0.005	1000	0.02	4	-71344072.5603669	-71343839.58722
20	0.005	1000	0.02	4	-71302889.8146146	-71302604.2151803
20	0.005	1000	0.02	4	-71285824.7708481	-71285440.6055538
20	0.005	1000	0.02	4	-71298801.2350285	-71298543.6335689
20	0.005	1000	0.02	4	-71293455.3365039	-71293235.8513032
20	0.005	1000	0.02	4	-71396690.8073916	-71396157.8063852
20	0.005	1000	0.02	4	-71307622.4622316	-71307252.0834059
20	0.005	100	0.01	3	-71204040.1753924	-71204037.8463003
20	0.005	100	0.01	3	-71291576.7183752	-71291575.7448778
20	0.005	100	0.01	3	-71258619.8430362	-71258616.6019921
20	0.005	100	0.01	3	-71282066.5760365	-71282061.4895951
20	0.005	100	0.01	3	-71276185.0312624	-71276181.9554834
20	0.005	100	0.01	3	-71303288.9115916	-71303288.2441203
20	0.005	100	0.01	3	-71274918.8783944	-71274913.4108712
20	0.005	100	0.01	3	-71264676.9600229	-71264676.8938458
20	0.005	100	0.01	3	-71281201.4257762	-71281199.3898707
20	0.005	100	0.01	3	-71249568.4571745	-71249568.6231386
20	0.005	100	0.01	3	-71312107.0237747	-71312103.1694255
20	0.005	100	0.01	3	-71284012.1737283	-71284012.2052734
20	0.005	100	0.01	3	-71250643.8766924	-71250639.3965515
20	0.005	100	0.01	3	-71294773.9140908	-71294772.1730516
20	0.005	100	0.01	3	-71241979.7049049	-71241978.7512116
20	0.005	100	0.01	3	-71284651.2566635	-71284648.6544507
20	0.005	100	0.01	3	-71245945.0913291	-71245943.5757435
20	0.005	100	0.01	3	-71247338.9767223	-71247338.4330909
20	0.005	100	0.01	3	-71329631.803969	-71329629.8053559
20	0.005	100	0.01	3	-71288852.1152588	-71288850.8866079
20	0.005	100	0.02	4	-71332878.2306238	-71332876.8997183
20	0.005	100	0.02	4	-71255744.5744312	-71255737.3130554
20	0.005	100	0.02	4	-71323787.877249	-71323771.9529971
20	0.005	100	0.02	4	-71283436.4696936	-71283429.7621952
20	0.005	100	0.02	4	-71306458.8926766	-71306456.3368374
20	0.005	100	0.02	4	-71262073.3619421	-71262073.3151353
20	0.005	100	0.02	4	-71240531.3276736	-71240531.1161595
20	0.005	100	0.02	4	-71278098.5170695	-71278089.0351136
20	0.005	100	0.02	4	-71195598.4387843	-71195598.3433219
20	0.005	100	0.02	4	-71315884.3435647	-71315874.6030445
20	0.005	100	0.02	4	-71349755.6829947	-71349746.781281
20	0.005	100	0.02	4	-71269956.5212451	-71269956.0700852
20	0.005	100	0.02	4	-71321991.2135223	-71321973.7588587
20	0.005	100	0.02	4	-71355149.1153509	-71355131.3740637
20	0.005	100	0.02	4	-71164438.7143439	-71164436.1780616
20	0.005	100	0.02	4	-71267952.6322782	-71267948.1071045
20	0.005	100	0.02	4	-71316709.3208129	-71316702.3313432
20	0.005	100	0.02	4	-71255856.8876312	-71255849.9133625
20	0.005	100	0.02	4	-71250564.8178549	-71250561.7460205
20	0.005	100	0.02	4	-71249730.0257435	-71249727.319149
20	0.005	100	0.02	3	-71288765.6241407	-71288742.1888532
20	0.005	100	0.02	3	-71221309.9269327	-71221308.2549985
20	0.005	100	0.02	3	-71230004.4381262	-71229993.3625582
20	0.005	100	0.02	3	-71255399.9872847	-71255398.418043
20	0.005	100	0.02	3	-71208364.6017426	-71208358.623786
20	0.005	100	0.02	3	-71287753.8000011	-71287746.6457838
20	0.005	100	0.02	3	-71293368.1800578	-71293364.7912207
20	0.005	100	0.02	3	-71287683.2366209	-71287680.9576622
20	0.005	100	0.02	3	-71208827.1781125	-71208827.2263143
20	0.005	100	0.02	3	-71211645.304383	-71211637.8611104
20	0.005	100	0.02	3	-71263997.2391054	-71263996.7693569
20	0.005	100	0.02	3	-71244559.6452162	-71244559.7880956
20	0.005	100	0.02	3	-71214514.9164155	-71214510.3247579
20	0.005	100	0.02	3	-71186897.5400261	-71186886.5964126
20	0.005	100	0.02	3	-71234092.2357545	-71234092.305211
20	0.005	100	0.02	3	-71250349.2802346	-71250345.7389081
20	0.005	100	0.02	3	-71232201.2141913	-71232193.4362477
20	0.005	100	0.02	3	-71279109.5565023	-71279103.2260939
20	0.005	100	0.02	3	-71296974.1592924	-71296969.5190611
20	0.005	100	0.02	3	-71234821.1138892	-71234813.2419129
20	0.005	1000	0.01	4	-71305767.6760622	-71305360.6511649
20	0.005	1000	0.01	4	-71322371.5180106	-71322268.3468153
20	0.005	1000	0.01	4	-71356845.7852952	-71356586.5178595
20	0.005	1000	0.01	4	-71315553.3424306	-71315291.9245913
20	0.005	1000	0.01	4	-71245768.5449237	-71245424.9573235
20	0.005	1000	0.01	4	-71356455.2563893	-71356292.871524
20	0.005	1000	0.01	4	-71348770.4435244	-71348466.7286185
20	0.005	1000	0.01	4	-71312033.4412714	-71311839.3492917
20	0.005	1000	0.01	4	-71319602.3105947	-71319391.5590197
20	0.005	1000	0.01	4	-71349931.7534717	-71349714.3180088
20	0.005	1000	0.01	4	-71355189.669872	-71355014.9315443
20	0.005	1000	0.01	4	-71351430.7241998	-71351234.7954203
20	0.005	1000	0.01	4	-71264523.6634898	-71264296.7529397
20	0.005	1000	0.01	4	-71315883.8852331	-71315694.5018659
20	0.005	1000	0.01	4	-71299854.6735392	-71299537.4968422
20	0.005	1000	0.01	4	-71361272.2260883	-71360961.2676353
20	0.005	1000	0.01	4	-71294509.9730925	-71294270.9555523
20	0.005	1000	0.01	4	-71313933.1422414	-71313775.8673023
20	0.005	1000	0.01	4	-71329952.649502	-71329642.1519133
20	0.005	1000	0.01	4	-71361181.7496208	-71360743.251472
20	0.01	100	0.01	4	-71291254.0192939	-71291238.6630052
20	0.01	100	0.01	4	-71258575.9323726	-71258572.1268587
20	0.01	100	0.01	4	-71248953.7183693	-71248952.582863
20	0.01	100	0.01	4	-71239088.7866854	-71239083.0246193
20	0.01	100	0.01	4	-71314404.1434134	-71314384.0050923
20	0.01	100	0.01	4	-71345561.297383	-71345517.2805844
20	0.01	100	0.01	4	-71262732.3360941	-71262713.5838684
20	0.01	100	0.01	4	-71328210.1922929	-71328190.0976309
20	0.01	100	0.01	4	-71245352.2149237	-71245347.0008007
20	0.01	100	0.01	4	-71240293.8496214	-71240285.5930651
20	0.01	100	0.01	4	-71296922.8454656	-71296894.8949663
20	0.01	100	0.01	4	-71311960.4701803	-71311948.3234087
20	0.01	100	0.01	4	-71327435.6708435	-71327428.393738
20	0.01	100	0.01	4	-71314991.5363106	-71314973.9367429
20	0.01	100	0.01	4	-71323250.1645069	-71323215.1974346
20	0.01	100	0.01	4	-71275473.1947637	-71275453.3095871
20	0.01	100	0.01	4	-71251726.4876923	-71251723.5839085
20	0.01	100	0.01	4	-71319455.1155542	-71319424.7546792
20	0.01	100	0.01	4	-71293006.500913	-71292999.8658718
20	0.01	100	0.01	4	-71296209.4596849	-71296198.6412443
20	0.01	1000	0.01	4	-71343085.6842684	-71342784.9059387
20	0.01	1000	0.01	4	-71295928.3431248	-71295567.4817314
20	0.01	1000	0.01	4	-71347371.4621501	-71346973.8172718
20	0.01	1000	0.01	4	-71348742.009307	-71348436.40308
20	0.01	1000	0.01	4	-71265641.9751831	-71265333.1443337
20	0.01	1000	0.01	4	-71346724.6627887	-71346404.1560669
20	0.01	1000	0.01	4	-71317718.8716452	-71317418.0990915
20	0.01	1000	0.01	4	-71370985.9257572	-71370738.800763
20	0.01	1000	0.01	4	-71391085.4171233	-71390824.4792639
20	0.01	1000	0.01	4	-71317125.46425	-71316579.5151624
20	0.01	1000	0.01	4	-71343145.4420227	-71342920.7449618
20	0.01	1000	0.01	4	-71353903.5015999	-71353621.3655608
20	0.01	1000	0.01	4	-71303817.5194829	-71303552.8267656
20	0.01	1000	0.01	4	-71325730.3586589	-71325334.7812241
20	0.01	1000	0.01	4	-71309335.3240761	-71309008.0372253
20	0.01	1000	0.01	4	-71351196.7341525	-71350744.6457551
20	0.01	1000	0.01	4	-71384307.8835771	-71384036.6946002
20	0.01	1000	0.01	4	-71306711.390471	-71306446.8657983
20	0.01	1000	0.01	4	-71323294.4324854	-71322872.8706302
20	0.01	1000	0.01	4	-71403745.3668297	-71403358.6862255
20	0.01	100	0.01	3	-71255478.1032636	-71255476.8986298
20	0.01	100	0.01	3	-71307092.5878249	-71307084.3559726
20	0.01	100	0.01	3	-71275644.1823945	-71275641.1662725
20	0.01	100	0.01	3	-71254994.0184906	-71254992.1780404
20	0.01	100	0.01	3	-71282087.904929	-71282078.9575553
20	0.01	100	0.01	3	-71306321.7062299	-71306309.1173528
20	0.01	100	0.01	3	-71302529.6332299	-71302527.331548
20	0.01	100	0.01	3	-71292944.3394591	-71292929.9564141
20	0.01	100	0.01	3	-71336198.8391261	-71336192.300749
20	0.01	100	0.01	3	-71265588.5218216	-71265579.7747167
20	0.01	100	0.01	3	-71271720.6031352	-71271709.0615339
20	0.01	100	0.01	3	-71317446.7789093	-71317435.7511495
20	0.01	100	0.01	3	-71254808.0826405	-71254807.0384443
20	0.01	100	0.01	3	-71263775.6088086	-71263773.8165704
20	0.01	100	0.01	3	-71219301.4622445	-71219294.2018431
20	0.01	100	0.01	3	-71283454.4484488	-71283452.0186798
20	0.01	100	0.01	3	-71251159.9899985	-71251150.4738342
20	0.01	100	0.01	3	-71215894.4756765	-71215880.1461274
20	0.01	100	0.01	3	-71297169.8175642	-71297167.4534784
20	0.01	100	0.01	3	-71330990.8793532	-71330990.1478726
20	0.005	1000	0.01	3	-71384531.5624266	-71384226.1799358
20	0.005	1000	0.01	3	-71293725.8104161	-71293407.3730827
20	0.005	1000	0.01	3	-71306548.6281722	-71306358.6428262
20	0.005	1000	0.01	3	-71264634.0267515	-71264406.0066649
20	0.005	1000	0.01	3	-71301412.6399095	-71301270.7317164
20	0.005	1000	0.01	3	-71318145.2391808	-71317852.1109908
20	0.005	1000	0.01	3	-71345636.597919	-71345365.6981914
20	0.005	1000	0.01	3	-71270434.1917484	-71270254.3678909
20	0.005	1000	0.01	3	-71314976.7283177	-71314564.4601913
20	0.005	1000	0.01	3	-71303076.5383134	-71302789.0256492
20	0.005	1000	0.01	3	-71253090.3784569	-71252829.8749073
20	0.005	1000	0.01	3	-71293300.7588173	-71293044.6549083
20	0.005	1000	0.01	3	-71303980.0302706	-71303707.2428599
20	0.005	1000	0.01	3	-71193841.1901075	-71193496.4367418
20	0.005	1000	0.01	3	-71224059.1485926	-71223856.1281208
20	0.005	1000	0.01	3	-71318426.3344825	-71318041.683431
20	0.005	1000	0.01	3	-71292831.0869375	-71292606.1849378
20	0.005	1000	0.01	3	-71370505.820897	-71370294.1011199
20	0.005	1000	0.01	3	-71312868.9849331	-71312697.1681136
20	0.005	1000	0.01	3	-71386726.8580807	-71386440.9268299
20	0.01	200	0.02	4	-71321944.7132219	-71321882.3160467
20	0.01	200	0.02	4	-71298341.8390175	-71298242.760853
20	0.01	200	0.02	4	-71284031.1153782	-71283960.3983732
20	0.01	200	0.02	4	-71263396.9837355	-71263314.2802195
20	0.01	200	0.02	4	-71353547.2628838	-71353438.6250777
20	0.01	200	0.02	4	-71331271.8678461	-71331211.7220597
20	0.01	200	0.02	4	-71328125.1982183	-71328037.0568743
20	0.01	200	0.02	4	-71338290.8412099	-71338251.7598568
20	0.01	200	0.02	4	-71319817.8395222	-71319733.4675165
20	0.01	200	0.02	4	-71277771.865886	-71277706.7992584
20	0.01	200	0.02	4	-71353004.1882434	-71352904.8907234
20	0.01	200	0.02	4	-71345059.5522737	-71344961.7661635
20	0.01	200	0.02	4	-71277504.7243045	-71277442.52112
20	0.01	200	0.02	4	-71322145.7894453	-71322069.929563
20	0.01	200	0.02	4	-71381381.1561128	-71381240.5575542
20	0.01	200	0.02	4	-71302933.4391417	-71302871.5866348
20	0.01	200	0.02	4	-71271881.5452314	-71271778.731928
20	0.01	200	0.02	4	-71285052.7467857	-71285041.7737419
20	0.01	200	0.02	4	-71353444.9519752	-71353401.026906
20	0.01	200	0.02	4	-71306810.7984812	-71306759.9524216
20	0.01	200	0.02	3	-71300965.5170223	-71300909.002327
20	0.01	200	0.02	3	-71247239.4323362	-71247195.3267863
20	0.01	200	0.02	3	-71281886.2485201	-71281800.4800634
20	0.01	200	0.02	3	-71261713.942911	-71261684.9645822
20	0.01	200	0.02	3	-71341454.4633034	-71341381.3145307
20	0.01	200	0.02	3	-71304399.2116196	-71304341.4603636
20	0.01	200	0.02	3	-71299615.8329139	-71299536.5712278
20	0.01	200	0.02	3	-71238973.4971903	-71238900.1522939
20	0.01	200	0.02	3	-71304316.7085712	-71304252.9814562
20	0.01	200	0.02	3	-71300465.4756373	-71300425.7575839
20	0.01	200	0.02	3	-71291273.0792719	-71291168.8095086
20	0.01	200	0.02	3	-71218288.4983519	-71218221.522322
20	0.01	200	0.02	3	-71263909.7557346	-71263819.0000587
20	0.01	200	0.02	3	-71331276.0571617	-71331210.9110867
20	0.01	200	0.02	3	-71329428.4012439	-71329345.3477073
20	0.01	200	0.02	3	-71337123.773996	-71337057.2196902
20	0.01	200	0.02	3	-71272481.9204827	-71272446.6815407
20	0.01	200	0.02	3	-71386544.7494727	-71386493.8047598
20	0.01	200	0.02	3	-71291627.3545047	-71291562.1332327
20	0.01	200	0.02	3	-71279569.703565	-71279472.3314447
20	0.005	500	0.02	3	-71413588.8423532	-71413517.168778
20	0.005	500	0.02	3	-71286703.8943151	-71286657.7325757
20	0.005	500	0.02	3	-71322024.6696672	-71321928.4717011
20	0.005	500	0.02	3	-71308970.0089847	-71308834.5925432
20	0.005	500	0.02	3	-71292390.5714487	-71292257.1474632
20	0.005	500	0.02	3	-71345869.0865309	-71345798.7160489
20	0.005	500	0.02	3	-71323121.6348687	-71323062.9396114
20	0.005	500	0.02	3	-71287398.6497812	-71287358.4923479
20	0.005	500	0.02	3	-71279088.5368048	-71278983.1282789
20	0.005	500	0.02	3	-71319042.6868714	-71318943.3727304
20	0.005	500	0.02	3	-71303766.5528534	-71303679.5317782
20	0.005	500	0.02	3	-71373016.7214591	-71372971.1643881
20	0.005	500	0.02	3	-71344832.5404453	-71344700.4948216
20	0.005	500	0.02	3	-71312671.7730735	-71312614.8589893
20	0.005	500	0.02	3	-71354972.0770121	-71354918.0644697
20	0.005	500	0.02	3	-71371482.7523756	-71371417.4051775
20	0.005	500	0.02	3	-71286964.1118114	-71286899.7188152
20	0.005	500	0.02	3	-71287150.3748119	-71287091.1603997
20	0.005	500	0.02	3	-71312631.4466361	-71312590.9887631
20	0.005	500	0.02	3	-71307091.8158288	-71307034.7869528
20	0.01	500	0.02	4	-71328254.0602724	-71327883.0930637
20	0.01	500	0.02	4	-71329129.4827438	-71328744.5198893
20	0.01	500	0.02	4	-71314906.8264829	-71314569.1254738
20	0.01	500	0.02	4	-71430801.9208261	-71430580.7215934
20	0.01	500	0.02	4	-71380566.3673407	-71380261.6478115
20	0.01	500	0.02	4	-71349411.7813117	-71349022.4057779
20	0.01	500	0.02	4	-71369214.2308639	-71368822.7990546
20	0.01	500	0.02	4	-71352312.4084233	-71352007.8537878
20	0.01	500	0.02	4	-71316662.1919225	-71316367.0900984
20	0.01	500	0.02	4	-71368657.8646478	-71368343.9567583
20	0.01	500	0.02	4	-71375417.9365885	-71375130.2501273
20	0.01	500	0.02	4	-71446423.5794686	-71446167.6300253
20	0.01	500	0.02	4	-71294906.4097838	-71294583.4981186
20	0.01	500	0.02	4	-71389196.0902436	-71388794.879483
20	0.01	500	0.02	4	-71381577.4605184	-71381315.7463474
20	0.01	500	0.02	4	-71390919.7318634	-71390560.1232958
20	0.01	500	0.02	4	-71331838.2088717	-71331432.3138595
20	0.01	500	0.02	4	-71395779.30629	-71395202.864989
20	0.01	500	0.02	4	-71300702.7795693	-71300380.5815218
20	0.01	500	0.02	4	-71311001.8932026	-71310607.5251664
20	0.01	500	0.02	3	-71242528.4477586	-71242269.8487367
20	0.01	500	0.02	3	-71359234.6521704	-71358912.9190474
20	0.01	500	0.02	3	-71272252.269035	-71271995.1176916
20	0.01	500	0.02	3	-71298833.6046657	-71298460.9696377
20	0.01	500	0.02	3	-71328375.2280292	-71328086.2196683
20	0.01	500	0.02	3	-71281855.0324128	-71281623.913029
20	0.01	500	0.02	3	-71329930.5359294	-71329609.1442141
20	0.01	500	0.02	3	-71328995.5095939	-71328652.307326
20	0.01	500	0.02	3	-71287711.5915438	-71287485.6014031
20	0.01	500	0.02	3	-71305851.2877818	-71305416.2800089
20	0.01	500	0.02	3	-71303861.7937731	-71303582.6584202
20	0.01	500	0.02	3	-71327128.499054	-71326841.0355038
20	0.01	500	0.02	3	-71363242.2534874	-71362921.6291074
20	0.01	500	0.02	3	-71327395.9756869	-71327084.5434131
20	0.01	500	0.02	3	-71280745.3408591	-71280464.2191021
20	0.01	500	0.02	3	-71307177.8043945	-71306953.5644936
20	0.01	500	0.02	3	-71345808.2984147	-71345466.5666466
20	0.01	500	0.02	3	-71315236.8978653	-71314783.196529
20	0.01	500	0.02	3	-71345649.4776981	-71345425.8750825
20	0.01	500	0.02	3	-71337997.8109899	-71337643.113179
20	0.01	500	0.01	3	-71297347.2530008	-71297157.6466818
20	0.01	500	0.01	3	-71373684.8919378	-71373524.8056153
20	0.01	500	0.01	3	-71389478.7602714	-71389241.8447194
20	0.01	500	0.01	3	-71299661.0700529	-71299396.7655012
20	0.01	500	0.01	3	-71363746.3452196	-71363521.128705
20	0.01	500	0.01	3	-71312211.3300024	-71312005.0375861
20	0.01	500	0.01	3	-71363030.0061492	-71362813.9699972
20	0.01	500	0.01	3	-71285314.0224372	-71285128.8658113
20	0.01	500	0.01	3	-71341236.3730399	-71340966.447852
20	0.01	500	0.01	3	-71298275.4143553	-71298028.0125428
20	0.01	500	0.01	3	-71384516.769794	-71384285.4988045
20	0.01	500	0.01	3	-71357307.5317983	-71357052.9295003
20	0.01	500	0.01	3	-71341492.9449553	-71341270.3692736
20	0.01	500	0.01	3	-71338696.9026556	-71338502.677666
20	0.01	500	0.01	3	-71244184.1525939	-71243943.1167577
20	0.01	500	0.01	3	-71282762.6188011	-71282566.5801986
20	0.01	500	0.01	3	-71333267.4512178	-71333107.1555258
20	0.01	500	0.01	3	-71279383.198899	-71279265.3341641
20	0.01	500	0.01	3	-71321080.3433872	-71320894.2984743
20	0.01	500	0.01	3	-71345402.4090378	-71345261.5663856
20	0.005	200	0.01	4	-71242287.7897012	-71242281.8591962
20	0.005	200	0.01	4	-71307744.8982048	-71307736.20775
20	0.005	200	0.01	4	-71252405.4146935	-71252404.8830114
20	0.005	200	0.01	4	-71269646.8761285	-71269642.3699389
20	0.005	200	0.01	4	-71258094.7156662	-71258088.9847927
20	0.005	200	0.01	4	-71360388.4837525	-71360377.5557764
20	0.005	200	0.01	4	-71364513.866584	-71364510.8932704
20	0.005	200	0.01	4	-71291536.1044454	-71291528.9257338
20	0.005	200	0.01	4	-71276540.9088148	-71276530.478246
20	0.005	200	0.01	4	-71265659.2202357	-71265658.8607784
20	0.005	200	0.01	4	-71293631.2047272	-71293613.3022519
20	0.005	200	0.01	4	-71220292.611289	-71220290.9203399
20	0.005	200	0.01	4	-71305765.4313948	-71305758.0524772
20	0.005	200	0.01	4	-71224541.2052982	-71224534.7535961
20	0.005	200	0.01	4	-71286996.1024939	-71286992.2446836
20	0.005	200	0.01	4	-71237219.2015728	-71237214.981429
20	0.005	200	0.01	4	-71302272.6739543	-71302269.4125411
20	0.005	200	0.01	4	-71299075.9355411	-71299071.7031512
20	0.005	200	0.01	4	-71277704.0220972	-71277690.9347026
20	0.005	200	0.01	4	-71301008.6260974	-71301000.8423167
20	0.005	500	0.02	4	-71350423.1864762	-71350344.2204761
20	0.005	500	0.02	4	-71276300.9514794	-71276185.5536329
20	0.005	500	0.02	4	-71296957.7032891	-71296899.0633749
20	0.005	500	0.02	4	-71271433.4883441	-71271323.4308849
20	0.005	500	0.02	4	-71329612.3098858	-71329508.5724572
20	0.005	500	0.02	4	-71287244.8255087	-71287083.5517198
20	0.005	500	0.02	4	-71330952.3346375	-71330883.7217772
20	0.005	500	0.02	4	-71362380.2014116	-71362338.3489774
20	0.005	500	0.02	4	-71254645.0401873	-71254501.8683261
20	0.005	500	0.02	4	-71322215.4439573	-71322039.5128464
20	0.005	500	0.02	4	-71216562.9523279	-71216436.7762434
20	0.005	500	0.02	4	-71249240.0937989	-71249162.8065343
20	0.005	500	0.02	4	-71286417.6709998	-71286271.874925
20	0.005	500	0.02	4	-71268460.9098683	-71268406.2705354
20	0.005	500	0.02	4	-71311831.8953001	-71311654.0883103
20	0.005	500	0.02	4	-71327253.311779	-71327177.6146564
20	0.005	500	0.02	4	-71284503.2706949	-71284475.1792345
20	0.005	500	0.02	4	-71300537.1893081	-71300454.2578318
20	0.005	500	0.02	4	-71301259.35851	-71301193.9261552
20	0.005	500	0.02	4	-71322814.1032676	-71322741.5989181
20	0.005	200	0.01	3	-71292022.1874071	-71292018.5697663
20	0.005	200	0.01	3	-71264848.3274449	-71264846.3177219
20	0.005	200	0.01	3	-71281834.1532116	-71281828.8386973
20	0.005	200	0.01	3	-71289935.1503862	-71289921.4234814
20	0.005	200	0.01	3	-71254164.3544735	-71254159.7398877
20	0.005	200	0.01	3	-71247083.8640062	-71247067.4367128
20	0.005	200	0.01	3	-71297190.1584229	-71297169.5961174
20	0.005	200	0.01	3	-71257475.2353479	-71257470.184528
20	0.005	200	0.01	3	-71274993.8942911	-71274994.4200433
20	0.005	200	0.01	3	-71242923.8629531	-71242917.6489968
20	0.005	200	0.01	3	-71262643.6682822	-71262608.7083522
20	0.005	200	0.01	3	-71269697.6127179	-71269684.49777
20	0.005	200	0.01	3	-71295801.2805585	-71295781.9308945
20	0.005	200	0.01	3	-71217378.1631317	-71217371.2133731
20	0.005	200	0.01	3	-71263021.1416966	-71263010.399706
20	0.005	200	0.01	3	-71252731.2197077	-71252727.8714837
20	0.005	200	0.01	3	-71316590.2165952	-71316588.6344616
20	0.005	200	0.01	3	-71264417.4389445	-71264388.2229103
20	0.005	200	0.01	3	-71227339.9269931	-71227339.8541646
20	0.005	200	0.01	3	-71258339.2885353	-71258332.7030914
20	0.005	200	0.02	4	-71211314.7418891	-71211301.9181374
20	0.005	200	0.02	4	-71279520.633572	-71279485.8562887
20	0.005	200	0.02	4	-71325609.0658148	-71325591.8987428
20	0.005	200	0.02	4	-71288711.0846766	-71288686.1397886
20	0.005	200	0.02	4	-71246705.4164693	-71246687.6616214
20	0.005	200	0.02	4	-71324999.2428601	-71324968.9151391
20	0.005	200	0.02	4	-71214294.6455374	-71214283.4469859
20	0.005	200	0.02	4	-71265442.5317442	-71265437.9284986
20	0.005	200	0.02	4	-71287957.361998	-71287951.6666175
20	0.005	200	0.02	4	-71315248.5085084	-71315246.6527676
20	0.005	200	0.02	4	-71251289.8904743	-71251281.9555172
20	0.005	200	0.02	4	-71321899.3554988	-71321886.2830589
20	0.005	200	0.02	4	-71277982.9881102	-71277958.6929156
20	0.005	200	0.02	4	-71254757.235961	-71254756.1341233
20	0.005	200	0.02	4	-71239716.6746669	-71239706.4183534
20	0.005	200	0.02	4	-71254302.6724019	-71254290.8140284
20	0.005	200	0.02	4	-71299174.1871423	-71299169.9862751
20	0.005	200	0.02	4	-71223498.5963513	-71223488.3882945
20	0.005	200	0.02	4	-71235989.9134108	-71235974.2859593
20	0.005	200	0.02	4	-71328061.4228951	-71328037.8992179
20	0.005	200	0.02	3	-71279441.6403025	-71279417.2559197
20	0.005	200	0.02	3	-71253453.135485	-71253429.4537846
20	0.005	200	0.02	3	-71287363.3110141	-71287359.1055533
20	0.005	200	0.02	3	-71276493.0748631	-71276455.8822675
20	0.005	200	0.02	3	-71267623.0891832	-71267589.6521627
20	0.005	200	0.02	3	-71293806.0786724	-71293792.4247839
20	0.005	200	0.02	3	-71276674.3666977	-71276663.9690481
20	0.005	200	0.02	3	-71310194.468841	-71310194.6590162
20	0.005	200	0.02	3	-71287846.5558462	-71287835.0818565
20	0.005	200	0.02	3	-71223257.2368861	-71223248.7315078
20	0.005	200	0.02	3	-71326664.8260565	-71326649.4731119
20	0.005	200	0.02	3	-71324800.3330214	-71324790.0047836
20	0.005	200	0.02	3	-71258826.7957499	-71258784.499128
20	0.005	200	0.02	3	-71303566.1479396	-71303550.5763236
20	0.005	200	0.02	3	-71260588.1173128	-71260581.4954526
20	0.005	200	0.02	3	-71304983.8183892	-71304966.5514111
20	0.005	200	0.02	3	-71323666.12704	-71323654.0282693
20	0.005	200	0.02	3	-71225781.0986023	-71225759.1711382
20	0.005	200	0.02	3	-71199537.7989585	-71199503.8411667
20	0.005	200	0.02	3	-71268893.9991476	-71268883.4016343
20	0.005	500	0.01	4	-71300869.226388	-71300799.6307289
20	0.005	500	0.01	4	-71337036.3567483	-71336972.4049139
20	0.005	500	0.01	4	-71344612.5251852	-71344544.3642265
20	0.005	500	0.01	4	-71261123.6694137	-71261042.7605412
20	0.005	500	0.01	4	-71292138.2289101	-71292042.4250193
20	0.005	500	0.01	4	-71308822.6167194	-71308737.8596226
20	0.005	500	0.01	4	-71295705.1217852	-71295596.3654575
20	0.005	500	0.01	4	-71301800.4648429	-71301769.1813884
20	0.005	500	0.01	4	-71332498.2183731	-71332418.1795566
20	0.005	500	0.01	4	-71271118.0930918	-71271061.8452619
20	0.005	500	0.01	4	-71304999.8927402	-71304913.8327986
20	0.005	500	0.01	4	-71241552.8944265	-71241481.5583873
20	0.005	500	0.01	4	-71303379.0704107	-71303316.5862342
20	0.005	500	0.01	4	-71326102.1357305	-71326013.0034355
20	0.005	500	0.01	4	-71321189.1551333	-71321098.1967162
20	0.005	500	0.01	4	-71330760.7984996	-71330710.422697
20	0.005	500	0.01	4	-71293365.552112	-71293352.604775
20	0.005	500	0.01	4	-71331729.1112351	-71331683.3810028
20	0.005	500	0.01	4	-71272795.0817033	-71272734.6050215
20	0.005	500	0.01	4	-71296969.9779473	-71296866.5587981
20	0.01	200	0.01	4	-71311886.5908529	-71311862.4004624
20	0.01	200	0.01	4	-71333412.9894171	-71333371.2712283
20	0.01	200	0.01	4	-71329035.4054791	-71328971.862277
20	0.01	200	0.01	4	-71371827.7754243	-71371780.6325243
20	0.01	200	0.01	4	-71327447.6214756	-71327374.4536717
20	0.01	200	0.01	4	-71306659.2009723	-71306614.5268161
20	0.01	200	0.01	4	-71293841.8858248	-71293807.925784
20	0.01	200	0.01	4	-71299485.1971647	-71299455.4571773
20	0.01	200	0.01	4	-71336627.2135367	-71336593.2205985
20	0.01	200	0.01	4	-71361752.2171236	-71361700.9655313
20	0.01	200	0.01	4	-71308125.0044727	-71308091.8714768
20	0.01	200	0.01	4	-71268409.599069	-71268379.9673504
20	0.01	200	0.01	4	-71292395.9977598	-71292344.8385248
20	0.01	200	0.01	4	-71302345.264181	-71302302.1593703
20	0.01	200	0.01	4	-71269620.6453996	-71269586.2282771
20	0.01	200	0.01	4	-71294104.2590878	-71294077.3837484
20	0.01	200	0.01	4	-71290319.9792183	-71290279.3376726
20	0.01	200	0.01	4	-71292146.1724336	-71292100.3667758
20	0.01	200	0.01	4	-71353841.7499524	-71353778.6515575
20	0.01	200	0.01	4	-71355788.1870226	-71355739.8437817
20	0.01	500	0.01	4	-71312620.3978694	-71312465.9515081
20	0.01	500	0.01	4	-71334064.7027199	-71333840.9059103
20	0.01	500	0.01	4	-71338141.8945259	-71337963.7095269
20	0.01	500	0.01	4	-71352160.6112921	-71352033.5124755
20	0.01	500	0.01	4	-71331065.483664	-71330884.2602775
20	0.01	500	0.01	4	-71400155.2120891	-71399951.458405
20	0.01	500	0.01	4	-71307070.0834599	-71306805.2290884
20	0.01	500	0.01	4	-71399417.7536956	-71399251.3443352
20	0.01	500	0.01	4	-71323313.580453	-71323215.1553861
20	0.01	500	0.01	4	-71366164.7809972	-71365943.0627442
20	0.01	500	0.01	4	-71352839.4389485	-71352578.0091823
20	0.01	500	0.01	4	-71340320.7337718	-71340122.2660803
20	0.01	500	0.01	4	-71308453.715833	-71308258.9770237
20	0.01	500	0.01	4	-71322661.6865348	-71322412.3906249
20	0.01	500	0.01	4	-71378254.9581336	-71378076.9034543
20	0.01	500	0.01	4	-71344556.0663725	-71344320.5729053
20	0.01	500	0.01	4	-71300199.3331897	-71299994.7779188
20	0.01	500	0.01	4	-71357487.4222485	-71357294.5270911
20	0.01	500	0.01	4	-71395592.5102556	-71395430.3954459
20	0.01	500	0.01	4	-71304037.2678828	-71303857.8936008
20	0.01	200	0.01	3	-71322284.5762536	-71322249.1682547
20	0.01	200	0.01	3	-71325659.6951762	-71325613.0512062
20	0.01	200	0.01	3	-71245057.0172714	-71245032.5025228
20	0.01	200	0.01	3	-71278275.7766883	-71278238.8820677
20	0.01	200	0.01	3	-71323852.0402736	-71323786.9579677
20	0.01	200	0.01	3	-71298608.5023455	-71298582.7435628
20	0.01	200	0.01	3	-71253142.4764948	-71253107.3705982
20	0.01	200	0.01	3	-71313609.7983312	-71313591.3816539
20	0.01	200	0.01	3	-71308106.5991531	-71308091.5107478
20	0.01	200	0.01	3	-71362870.1785984	-71362840.7007701
20	0.01	200	0.01	3	-71382139.6421195	-71382109.6840106
20	0.01	200	0.01	3	-71234205.2236496	-71234186.6334278
20	0.01	200	0.01	3	-71397683.904493	-71397653.0693315
20	0.01	200	0.01	3	-71293981.4891176	-71293972.0270599
20	0.01	200	0.01	3	-71277042.8177068	-71277010.6661801
20	0.01	200	0.01	3	-71298074.7642841	-71298043.2321396
20	0.01	200	0.01	3	-71240054.7908499	-71240020.8821378
20	0.01	200	0.01	3	-71293409.9407185	-71293390.3957736
20	0.01	200	0.01	3	-71244280.8085775	-71244242.8506498
20	0.01	200	0.01	3	-71340702.2289061	-71340672.4405867
20	0.005	500	0.01	3	-71307047.4144543	-71306984.5947212
20	0.005	500	0.01	3	-71309652.9723224	-71309585.9994056
20	0.005	500	0.01	3	-71250678.4432769	-71250624.2217664
20	0.005	500	0.01	3	-71321413.6676835	-71321281.5096676
20	0.005	500	0.01	3	-71323511.9105264	-71323432.1305934
20	0.005	500	0.01	3	-71314604.5719983	-71314514.6917308
20	0.005	500	0.01	3	-71275378.9991483	-71275293.5432093
20	0.005	500	0.01	3	-71315460.2248133	-71315423.7120905
20	0.005	500	0.01	3	-71306614.4755986	-71306494.0110551
20	0.005	500	0.01	3	-71269682.6430429	-71269589.1997369
20	0.005	500	0.01	3	-71314733.5905479	-71314666.4784427
20	0.005	500	0.01	3	-71336986.6097429	-71336949.435313
20	0.005	500	0.01	3	-71273367.5828557	-71273321.4722755
20	0.005	500	0.01	3	-71328433.5226527	-71328358.6449447
20	0.005	500	0.01	3	-71353969.1174667	-71353933.4757733
20	0.005	500	0.01	3	-71326234.6404341	-71326160.4787721
20	0.005	500	0.01	3	-71317237.8535987	-71317200.4344892
20	0.005	500	0.01	3	-71246447.0318788	-71246405.881954
20	0.005	500	0.01	3	-71318319.417456	-71318191.9515765
20	0.005	500	0.01	3	-71224517.5822352	-71224398.7383934
