count	pop_size	lnl0	sel0	loc0	lnl1	sel1_0	loc1_0	sel1_1	loc1_1
20	10000	-71300805.3645972	0.0155473658125573	0.0900589377057041	-71300603.7846751	0.0106488176125344	0.0900854872185719	0.00826852490485874	0.109861819034427
20	10000	-71294267.3199344	0.0153385367540939	0.0900542478151999	-71294057.0133159	0.0103137781648276	0.0901048797748943	0.00847715312365727	0.110303400803899
20	10000	-71330661.5130669	0.0132695867042564	0.110214694165449	-71330504.2243984	0.00774062004424747	0.0899496714667004	0.0097436360109131	0.110214469833714
20	10000	-71344591.7974458	0.0154195536725161	0.110089738386118	-71344411.6793144	0.00837297109930124	0.0896963993313161	0.0106275438565605	0.110141152119388
20	10000	-71322328.0836171	0.0157750597623617	0.0900437016355566	-71322108.8930186	0.0102402814552801	0.0900736410447485	0.00890381627126513	0.109995052484691
20	10000	-71323037.9864974	0.0158320202707448	0.090044645594018	-71322867.4300303	0.0110945031407959	0.0894107516195879	0.00748452879561656	0.10987101519918
20	10000	-71319963.360021	0.0140281608903016	0.110088887610944	-71319767.8045807	0.00844044261155796	0.0902031773578118	0.00965814435145596	0.110212528460747
20	10000	-71315295.0240638	0.0144557217483547	0.11027520491833	-71315071.5390409	0.00917632186116657	0.0900975595411259	0.00981881781039895	0.110344345587807
20	10000	-71318299.0325469	0.0116119325547234	0.11021482424732	-71318166.4450577	0.00707193428251496	0.0896700115297189	0.00887546324253186	0.110179383868116
20	10000	-71260528.3023335	0.0132462813872916	0.110141561722267	-71260308.89067	0.00915535910960397	0.0900998247072396	0.00904596667108182	0.11012207893442
20	10000	-71338662.1592688	0.0160793074787606	0.110213389771435	-71338464.8035706	0.00882946037715826	0.0900610061182807	0.0111197682107873	0.110195233352662
20	10000	-71361790.5199825	0.0155863612462247	0.0896325044764208	-71361586.5630227	0.0108885834870797	0.0896342822174203	0.00841712086983393	0.110031106563327
20	10000	-71279740.4627881	0.0155096365513144	0.11014147253194	-71279525.8548102	0.00950908499561132	0.0898393102598644	0.0104850690198667	0.110158754606832
20	10000	-71319326.6018772	0.0123585557721929	0.0900499565021265	-71319190.7834166	0.00899305826123309	0.0897549308659507	0.00678663683315883	0.11025989865092
20	10000	-71278547.0280808	0.014349809421175	0.11021412863028	-71278362.4185768	0.00856782316674742	0.0897618416722364	0.0103430303646688	0.110451355218392
20	10000	-71329200.3583448	0.019281812543945	0.110089595442184	-71328915.6874879	0.0114626990199357	0.0897956883211635	0.0109500695192485	0.110284973877334
20	10000	-71327025.8669874	0.0155768658329225	0.11009119140974	-71326795.9459094	0.0095227248387646	0.0900607399415926	0.0102616425669309	0.110401976765009
20	10000	-71270712.0901718	0.0144139142069097	0.0900434249579102	-71270580.2123075	0.0108547570744651	0.0900507037732935	0.00658200837548029	0.110644481348928
20	10000	-71331089.8250539	0.0130803465824771	0.110141468524934	-71330882.2959802	0.00888099424325317	0.0895598531210746	0.00913094785215252	0.110148809603656
20	10000	-71248093.7133255	0.0175243367036487	0.0900444953319658	-71247833.0758094	0.0109714035004249	0.0900588273870934	0.0100516233145477	0.109920659442451
20	100000	-71287679.7508347	0.0147622990113271	0.110212919377127	-71287493.9536322	0.00835986679307033	0.0901481108639594	0.0105081120604096	0.110156820228103
20	100000	-71316348.3644386	0.0145581732364218	0.0901678630849057	-71316108.6226702	0.00985720909462373	0.0901009604097425	0.00936981003728132	0.110122267305858
20	100000	-71256575.2229071	0.0152368616401112	0.110088984483243	-71256323.5105271	0.0101078520611589	0.090137991755158	0.00972008902012222	0.110280319262675
20	100000	-71324735.1919932	0.0151875970462614	0.090044341845394	-71324495.5268456	0.00978264772374893	0.0898018727473069	0.00936862814073491	0.110112842017128
20	100000	-71320181.330317	0.0163986544723957	0.0904963690501427	-71319945.5433165	0.0109386920605108	0.0900709250640437	0.00924163143095813	0.110294892588544
20	100000	-71359379.2273353	0.0154034948641059	0.1101416489445	-71359160.3175706	0.00906082593860857	0.0901994796973262	0.0105167311305203	0.110110953556323
20	100000	-71283673.6405711	0.0161550509126295	0.0900586452176645	-71283411.4507179	0.0102963783568235	0.0901106104127812	0.00994547644481902	0.110147034778223
20	100000	-71303287.3538732	0.0127042260569902	0.110139575551643	-71303089.1323065	0.00874849878874262	0.09007767037051	0.00897080385384896	0.110114330881716
20	100000	-71301599.0200348	0.0149639377005746	0.0900445563008167	-71301370.6374367	0.00993626602792264	0.0900479310668748	0.00914982131369679	0.110021344151965
20	100000	-71274642.1601697	0.0185740198007474	0.11009232352257	-71274413.8104221	0.0098101951216899	0.090080692271952	0.0117070562668949	0.110120557904395
20	100000	-71266090.8295185	0.0141119565027266	0.11013997918026	-71265851.1114946	0.00994519731854293	0.0903516677549724	0.00958698966447513	0.110213214558044
20	100000	-71315670.7065979	0.0135660883084031	0.1101409502493	-71315468.399679	0.00886817857537692	0.0900738706577472	0.0094134042229741	0.110212130510265
20	100000	-71302679.4309923	0.0162522570287319	0.0900442854550101	-71302478.4503854	0.010839761295559	0.0900772905949994	0.00852470474272737	0.110136463686509
20	100000	-71322495.2741003	0.0138110575024846	0.0900483421463542	-71322281.7931348	0.00917768642507322	0.0901169673569342	0.00853252308967212	0.11029611935049
20	100000	-71326145.1713461	0.0140900364462598	0.110213862034923	-71325958.4255522	0.00830466636237592	0.0901888120098385	0.0101102094825458	0.110214998762097
20	100000	-71337642.2161787	0.0154850650273894	0.0900504555903664	-71337400.2648212	0.0100784430752711	0.0901676234352529	0.00954797298853205	0.110130406952229
20	100000	-71231279.768728	0.0161521831741406	0.110214593383568	-71231042.0306665	0.0101540591458679	0.0900655924356716	0.010514219648494	0.110156884624048
20	100000	-71307386.4177666	0.0153958556525237	0.0900513606414367	-71307160.8606371	0.0100866645449609	0.0900834888245639	0.0089935625369566	0.110156156140501
20	100000	-71251369.3997218	0.0160328237315104	0.0900441238157521	-71251144.0638958	0.0105702756404139	0.0898588278988872	0.00908437114242688	0.110148564622675
20	100000	-71240124.4153051	0.0144384638553695	0.0904945660092359	-71239888.1863134	0.00965353541734104	0.0897966212782406	0.00934161392296196	0.110119370006196
20	5000	-71252208.3834012	0.0136953537044703	0.090166970897412	-71252063.9670153	0.0104323340430064	0.0900975036796266	0.00688749879862305	0.110463474338183
20	5000	-71280020.3586873	0.0162358604362984	0.110141315897922	-71279788.0525938	0.00969322162632147	0.0903624528184031	0.0107728176257241	0.110157711293575
20	5000	-71313212.7986133	0.0163788940989504	0.0905020846022284	-71313038.1320266	0.0107145602274146	0.0902008197037096	0.00795683162965288	0.110308965891252
20	5000	-71304143.6069467	0.0116377519420876	0.0904951799712729	-71304002.0941223	0.00870620628250174	0.0902005995741329	0.00657408370693247	0.10986107388224
20	5000	-71305380.0966759	0.0165718699019529	0.110094757137054	-71305118.222281	0.0102688980245458	0.0900928495092258	0.0106302317770708	0.110316754140121
20	5000	-71300044.0206347	0.0179884861935169	0.110094112564635	-71299870.7389863	0.00837772386429303	0.0900797166551205	0.0124004782087951	0.110111218293898
20	5000	-71349135.4814582	0.0147515965787306	0.110206946036178	-71348895.1127507	0.00996896876292053	0.0900624181273545	0.0097693992334783	0.110157587847764
20	5000	-71317526.1923442	0.0148628371995929	0.109749819276422	-71317318.9142032	0.00868553529541849	0.0901962825252784	0.0104744727380734	0.109697422382291
20	5000	-71272611.1859456	0.0173476312591417	0.0900449267863887	-71272356.7388445	0.0107921305445785	0.0900810431383166	0.00941201268901826	0.109643646551976
20	5000	-71275910.9390515	0.0190993674498058	0.0908281807751952	-71275625.1711199	0.0115262900135049	0.0901678714096967	0.0110317954922603	0.110479391136211
20	5000	-71390767.3100225	0.0151174099309522	0.0900438758868841	-71390546.8474379	0.0100064976494889	0.0899614318213841	0.00863109200460432	0.109654115385168
20	5000	-71383021.0164424	0.0400607373579422	0.104103246620354	-71382807.1554303	0.0127740614935429	0.0900470766445068	0.0144847422965496	0.110214748982358
20	5000	-71304777.6910616	0.018906288430471	0.109320359546966	-71304573.589722	0.00936217961552877	0.0897267967034678	0.0122535182255782	0.109354030879602
20	5000	-71304493.9879331	0.0139201381498059	0.110091866834602	-71304273.5779761	0.00928422442198662	0.0901347790526836	0.00893277152044414	0.109554576831317
20	5000	-71277133.7742631	0.0206983308854046	0.0900442984016604	-71277001.1695563	0.0141050206232903	0.0900560287690969	0.00704354319207701	0.110121442518161
20	5000	-71326397.8719101	0.012207317098591	0.110057701421092	-71326187.9335802	0.00899925870561147	0.0897583679203492	0.00872036797744979	0.109807161177428
20	5000	-71270198.2832225	0.0103322522401611	0.0900618110415146	-71270074.1334991	0.00776202027347395	0.0894950302874661	0.00613754520896792	0.109698866383336
20	5000	-71278313.0103868	0.0144243445655549	0.110294561137301	-71278122.1029569	0.00849109164753437	0.0900970736232351	0.0102695826330508	0.11031134304617
20	5000	-71329254.9103711	0.0152141143373068	0.0911653045552272	-71329020.5555302	0.0098975926567354	0.0910569353453703	0.00947380029474099	0.110565603205382
20	5000	-71294534.6566349	0.0215799394843171	0.0904959456253858	-71294388.3820973	0.0152289785583574	0.0904025489063111	0.00736845198801539	0.110307717119812
20	2500	-71347636.2852095	0.0155432731800063	0.110089044436322	-71347444.4102839	0.00862806297413532	0.0901537588487595	0.01055251148723	0.110235481101961
20	2500	-71314205.2686544	0.0110868711631594	0.0899504653268388	-71314167.7426545	0.00924461076490046	0.0898920729573036	0.00443177668838868	0.109471284352178
20	2500	-71362844.5092121	0.0214704101578902	0.0941303135127666	-71362580.3810169	0.0113712631643572	0.0939704572265041	0.011001132424947	0.110395775392437
20	2500	-71303006.9945216	0.0150150426612787	0.0885760848759622	-71302756.1853682	0.00952569451159524	0.0882000130032545	0.00967272122544638	0.110343364912487
20	2500	-71317476.0238093	0.0162848261402553	0.110088880986538	-71317217.6141393	0.0103547941398359	0.0900963842994417	0.0101389929759719	0.10986052451045
20	2500	-71321064.3461295	0.0245860968618964	0.0904964695845781	-71320907.2561759	0.0156318919768895	0.0903555670787714	0.00809961786223889	0.110054490538892
20	2500	-71312987.673219	0.0140505657906446	0.0896325981963851	-71312901.6823314	0.0113261353811041	0.089515707389691	0.00552656001455876	0.115086248539074
20	2500	-71347254.8647203	0.0131008229852326	0.110156882759582	-71347110.7057301	0.00724716696929395	0.0900929114507793	0.00997146306173768	0.110156441058751
20	2500	-71338398.8933133	0.0113714415933894	0.110276287756954	-71338254.1490468	0.00776365005316304	0.0902098425232617	0.00828661903409478	0.110289327900224
20	2500	-71326579.0360129	0.00725064925394248	0.110310924813128	-71326486.7351653	0.00576437240115069	0.0897053127052219	0.00553183008506952	0.110311264505751
20	2500	-71389620.8443289	0.0173863119216067	0.110092013962766	-71389451.5426991	0.00832392777875346	0.089892925210995	0.0116703202828414	0.110112329975438
20	2500	-71234384.3480096	0.0125522263086001	0.110057793236079	-71234218.7772702	0.00756852542040554	0.0902012658044233	0.00906628568552781	0.109859013611269
20	2500	-71359141.5564881	0.0164428395342501	0.0900442801163714	-71358905.81973	0.0104855415583446	0.0899502680766293	0.00965950125263071	0.110141617214197
20	2500	-71341954.1371933	0.0334127688777019	0.110088960581649	-71341762.8340545	0.00967128830346087	0.0900973598459148	0.0174387740440267	0.110585195069392
20	2500	-71299993.6277261	0.0176917532585208	0.110088936521933	-71299886.2295926	0.00663809462194886	0.0926000296511226	0.0128350268750183	0.110088794109098
20	2500	-71290211.3228683	0.0147815214641728	0.11027684603693	-71289971.2699267	0.00983107541458761	0.0900987044058476	0.00986574498120218	0.110314131705059
20	2500	-71345746.1495363	0.0179738930508508	0.110095010916641	-71345566.5849047	0.00824406408424272	0.0891094153220778	0.0124898902774281	0.109989773268071
20	2500	-71358300.810762	0.0172862900984307	0.106527240449649	-71358096.1785227	0.00977386175383699	0.0894435320804973	0.0111806249988704	0.110125319557243
20	2500	-71331969.4975054	0.0136143394869447	0.0903577919014001	-71331823.2622613	0.0100742711705679	0.0894294165683897	0.00686124793829135	0.109763659628944
20	2500	-71313919.1546775	0.0144959759117557	0.090496677006261	-71313795.8539851	0.0105537495135617	0.090492619282863	0.00643639623916392	0.107090361439438
20	1000	-71329313.1125106	0.03572619626463802	0.108916432310809	-71329221.2538978	0.005471841477659001	0.0899641823037431	0.029155895850916935	0.108903394930276
20	1000	-71284337.1763094	0.03549216747014006	0.0900430250577974	-71284210.8097843	0.016014195421098942	0.0900434666738138	0.008157055437295946	0.10940099974984
20	1000	-71298486.9428321	0.007078152362204104	0.0927708206540083	-71298450.8880534	0.006586837099436971	0.0927846698455659	0.0032134358246760364	0.128680443448596
20	1000	-71323123.9648918	0.012334703546236003	0.111043264251926	-71323026.1901998	0.005979379329241974	0.0935316979831463	0.00975026471577689	0.111054547404106
20	1000	-71293677.5766814	0.0113530211175219	0.108538842789494	-71293566.0087715	0.006331788881875022	0.0884681688788977	0.00904178780728404	0.108543637220677
20	1000	-71239484.5424021	0.026444120586142983	0.11032337482223	-71239379.0019051	0.006578814252897969	0.0916002468301131	0.019243663047397996	0.110316622654768
20	1000	-71290748.2298037	0.010204222234842075	0.0902123246333504	-71290652.8926058	0.008217920129574896	0.0902030619899399	0.005331879407464046	0.109638531130412
20	1000	-71328968.1595167	0.01066447765812395	0.0711199577551926	-71328680.4499904	0.008826281667796088	0.0708151444671202	0.00916668352949801	0.109701421040048
20	1000	-71241910.4902928	0.009378553132243894	0.110595678218951	-71241830.882401	0.005139642952862067	0.0831873159422414	0.008049197407264064	0.110617559606036
20	1000	-71355651.6996035	0.01412006282590006	0.110823378359912	-71355481.8080496	0.008092664482303946	0.0902056189101977	0.009645817652879973	0.110747367618892
20	1000	-71357330.6507403	0.02452271142182294	0.110084900425491	-71357045.3811404	0.011509580776438044	0.0906556564956909	0.013223376243222007	0.1103416035456
20	1000	-71331573.0117393	0.015237213459300958	0.0922534296966234	-71331498.5276516	0.010977397293722047	0.0919676896062007	0.005364710428596098	0.108539409221418
20	1000	-71370792.6853486	0.018700900245297025	0.0907014302720969	-71370783.0565215	0.0181111314719149	0.0908360560102851	0.001303459145560959	0.110720359019142
20	1000	-71314751.518115	0.017644743884863034	0.108335418848685	-71314482.6879636	0.010727950565439959	0.0900744081761119	0.01168491766125801	0.111131668210188
20	1000	-71294579.5709346	0.0069104469485979925	0.109529550170736	-71294552.6420308	0.0033395317578429617	0.0839444054946029	0.006324648501081054	0.109466854610976
20	1000	-71278935.3032751	0.005459949890217919	0.110165343696601	-71278918.3386109	0.002480489058857893	0.094544877947664	0.004733042180255054	0.110323190199835
20	1000	-71246690.8967662	0.01155538433989689	0.109424283734378	-71246656.4132698	0.002904333488201072	0.0901945496440157	0.010522565267303996	0.109477271017437
20	1000	-71282459.9607112	0.011349632413244048	0.0896066580186473	-71282381.9867986	0.008833229370938	0.089510000131325	0.005225705759536958	0.110325986073162
20	1000	-71332185.5573982	0.01954213030932106	0.0893936886836595	-71331935.1694364	0.012546400661201051	0.0892764531375596	0.00987793527056502	0.11011451862238
20	1000	-71326204.1378573	0.018188658294436055	0.103668108561299	-71325978.5909348	0.010450806318604955	0.0900971442505372	0.011088715810422922	0.107441255170623
20	500	-71359324.7398089	0.016298479750024075	0.0897639275670585	-71359150.0818629	0.013450012683917989	0.0894917880416603	0.007985442781422103	0.122730948006902
20	500	-71223091.7060747	0.009580101698084986	0.0727777943271545	-71222939.6614126	0.008218632982537999	0.072699527664377	0.006624767928602893	0.109705093166925
20	500	-71260422.1423052	0.03176344832760103	0.0895333082082799	-71260303.5981436	0.023132268151054958	0.0894604789168686	0.006843856839881979	0.109452948320051
20	500	-71329045.1502811	0.015135763110956102	0.0926281138190145	-71328825.6068073	0.012190063193782907	0.0926789474032345	0.008974509547242104	0.129733535290828
20	500	-71354761.621349	0.04388135663759807	0.109404056888748	-71354612.8986852	0.008907591297834916	0.0902091213657887	0.02802344286580205	0.109409672865483
20	500	-71220021.9139102	0.005805100174636091	0.0902000100878392	-71220022.6095992	0.005873017912123024	0.0901923282759221	4.1733123170573094e-06	0.129808376073313
20	500	-71317992.0948505	0.018727750815420108	0.0894463873539085	-71317953.4642707	0.01665386938551594	0.0893168569640986	0.0033532734005190523	0.128670391597039
20	500	-71338080.1512453	0.01963574585000305	0.0936333164764697	-71337915.9019067	0.010526068724717064	0.0933532923274238	0.00990858782773707	0.103160332030715
20	500	-71306435.0038138	0.008394771185480931	0.0783007225904758	-71306342.5671494	0.007000304759223086	0.0782260938274568	0.0054427332019190144	0.109862612483835
20	500	-71270249.3310364	0.005571901633322107	0.109654793078039	-71270245.7979922	0.0006729778956349186	0.0702273372017192	0.005626089025302927	0.109713605731959
20	500	-71292079.1349919	0.012333701136563957	0.0982115848283193	-71291882.4858254	0.008961190872636027	0.0981744772235824	0.008487079935696973	0.12110455968452
20	500	-71270147.5079466	0.005897569057415897	0.110343354737293	-71270115.7202573	0.0035707817805420428	0.0997967822470752	0.004205289918444044	0.110314456894197
20	500	-71284829.6289753	0.013811768228901067	0.118042158904566	-71284699.9112586	0.006590417078399913	0.090200107009951	0.010249211638876043	0.118066149888522
20	500	-71370276.5182211	0.03688391509286504	0.105332256300753	-71370172.6667495	0.011697999426698913	0.0959302615612428	0.018688228664241024	0.110155917873376
20	500	-71299217.2341091	0.019508339919998896	0.108918462295822	-71299033.941055	0.00845212247776006	0.082789348931944	0.013915965444545098	0.108913588493607
20	500	-71254243.2779309	0.009641250732220108	0.110718001539574	-71254153.7518311	0.005199714159218938	0.0852332187979683	0.008348898731119991	0.110714276240509
20	500	-71374841.5811578	0.06844578620381692	0.129748483592198	-71374829.5825428	0.0010474829355229254	0.0898871076112123	0.07002912804745609	0.129748748210329
20	500	-71411126.1629201	0.0764023915978359	0.109553431426315	-71410943.2752553	0.009871850891623901	0.0719351794179746	0.05254386134207989	0.109534619403263
20	500	-71318311.8522965	0.033892805389675096	0.112405039950531	-71318011.6033498	0.013996807287998014	0.0911686316789014	0.01960219697279908	0.112452807014049
20	500	-71279317.345287	0.014945403462658047	0.112036886674124	-71279141.1128616	0.008090476588001994	0.0874862184671151	0.010752611792664069	0.112036113506161
20	2000	-71299968.1717691	0.015191783762094522	0.109234155698772	-71299845.7977683	0.006695297373709127	0.09817004881004	0.009611656492575895	0.109377149240252
20	2000	-71314523.182805	0.02305372521789053	0.0900440467208464	-71314246.6643429	0.012692963887641911	0.08970518507225	0.010699364214006128	0.109551843318414
20	2000	-71349031.6831332	0.019778447717224396	0.0904936146948982	-71348898.2851232	0.014788088766463897	0.0904926928859206	0.006623538368608159	0.110328252675429
20	2000	-71347601.8266937	0.017720363257223336	0.0904943810853077	-71347473.2766853	0.01132351329010222	0.0904001918943744	0.007850046522585988	0.104087096672883
20	2000	-71385740.1501491	0.017978475617661565	0.110607268578778	-71385450.7802481	0.010041663034570308	0.0832294529804236	0.01303886130118193	0.110650241286068
20	2000	-71352013.3071058	0.009899170459406753	0.0893644989772111	-71351923.7145638	0.0083245373467262	0.0893724581385193	0.005370042730210327	0.11518810765324
20	2000	-71317065.967203	0.015462601832761278	0.110587369454667	-71316878.3007716	0.008598193388225555	0.0898452447401844	0.010965295253340656	0.111733416094697
20	2000	-71327942.289244	0.010372753047408924	0.109859515383751	-71327768.4623019	0.0076949360023521665	0.0897640931862895	0.007644654967890147	0.109700504155149
20	2000	-71291133.2427631	0.016861449939124792	0.110586548418368	-71290986.4180167	0.007676797313075088	0.0902110917603269	0.011798084137714477	0.110575781299949
20	2000	-71311859.370061	0.01812902703047393	0.110086561526686	-71311593.4069472	0.01160085537499787	0.0900053878699266	0.010472991304505455	0.110101890653805
20	2000	-71318017.2609724	0.013814021628268489	0.110588282544747	-71317957.1338259	0.004874354427302655	0.0982661819083767	0.010275681002112893	0.110541125957203
20	2000	-71343128.7267433	0.016254075792341983	0.109320339191448	-71342979.842208	0.007824169123337341	0.0897283430075267	0.011188723966010764	0.109362629591209
20	2000	-71295070.9410071	0.010846531517179719	0.0901018565113018	-71294957.2151163	0.008130675455701416	0.0900958796329522	0.006509722339245405	0.109876413008535
20	2000	-71295246.7016706	0.029756104753345555	0.10165949365957	-71295100.6290889	0.01209780203853469	0.0911557279112994	0.010780732450150274	0.110584578567301
20	2000	-71281771.0098842	0.021962800777667102	0.0904957796383236	-71281606.1482653	0.014793192693056088	0.0900519539868092	0.008023818592003757	0.110365716250016
20	2000	-71321322.4764777	0.01830546905158462	0.110216298810841	-71321134.1846109	0.009007262572838782	0.0910643181635843	0.012075387023903974	0.110411320695252
20	2000	-71320803.0694229	0.00958017608367359	0.104104914008925	-71320697.7641214	0.006632985371715926	0.0902139016894939	0.006237361299413566	0.108227398075181
20	2000	-71300022.7184188	0.013101117208731711	0.0900404126761775	-71299839.6541937	0.009325746191564453	0.090088657385456	0.0078380822818087	0.110155640158382
20	2000	-71278597.814356	0.011213619840644838	0.0904911074233133	-71278415.9019623	0.00798173496231035	0.090203903546234	0.007727461492605982	0.109824561471941
20	2000	-71345188.7934779	0.031098896899340624	0.0900431642798056	-71344978.5441344	0.01815957448278771	0.0894564250623676	0.009324725919655233	0.110159700748567