count	pop_size	lnl0	sel0	loc0	lnl1	sel1_0	loc1_0	sel1_1	loc1_1
20	10000	-71338060.8222842	0.0127990555825878	0.0903560185364658	-71338055.3301984	0.0115297447061357	0.0903529339725555	0.00177897249662862	0.100728763431318
20	10000	-71317860.2589124	0.00692137523709246	0.0900998591553965	-71317859.5093415	0.0067806480683571	0.0901077829419732	0.00029310470030941	0.100021032547491
20	10000	-71258509.0983296	0.00840696573633659	0.090108877406106	-71258509.1306956	0.00831962953816667	0.090115684144567	4.57944882015227e-06	0.129694063898938
20	10000	-71276112.834448	0.00873670475421939	0.0900916397047141	-71276113.1267665	0.00876860251894396	0.090090433327829	5.09234375598577e-05	0.126103232003755
20	10000	-71304063.988637	0.0086033184793165	0.0895551219569355	-71304059.0469534	0.00838764184340424	0.089553525535803	0.00101167778252165	0.129713909767537
20	10000	-71306133.6177673	0.00793899162829703	0.0900974994064582	-71306129.1671431	0.00755924828680121	0.0900982383684414	0.0014665570670227	0.121110771235531
20	10000	-71281851.6248239	0.00674447883499762	0.0902023601501196	-71281851.6057147	0.00665233268164234	0.090202617372329	1.54130010510123e-06	0.109570611490001
20	10000	-71258802.4892075	0.00876341887529319	0.0897125772752212	-71258802.4799995	0.00883461380974671	0.0897019581249165	2.5680941057038e-06	0.127820165059921
20	10000	-71342925.1348794	0.00775931605958924	0.0894580639801643	-71342922.0158856	0.00758885019726607	0.0894646709203321	0.000966884605962171	0.128649751327311
20	10000	-71354616.1967293	0.0063135516912286	0.0900927242802617	-71354611.0256601	0.00627527474669598	0.0900988354305967	0.000946320826384017	0.112082742765007
20	10000	-71258537.2406622	0.00820950677715127	0.0901168638389418	-71258532.1486072	0.00783613674351402	0.0900969431734115	0.00128138803596656	0.110747937167408
20	10000	-71336379.6125979	0.0130292396947513	0.0898825708027834	-71336349.0477538	0.0120707847925392	0.0898793412700575	0.00330519658442585	0.129140953653121
20	10000	-71347390.5102434	0.010380975191135	0.0895548062463049	-71347362.1496577	0.00985638969273395	0.0895537544041272	0.00308076201465635	0.127130433326726
20	10000	-71225664.7268826	0.00861983459434978	0.0901869063773021	-71225660.2391966	0.00820681373445409	0.0901892042809536	0.00134256527491183	0.119440864900305
20	10000	-71254260.2775933	0.00667975905566687	0.0888636219355509	-71254260.3101869	0.00681098785063206	0.0888623072579203	9.07347631151634e-06	0.128413296305621
20	10000	-71316066.9703901	0.00979409273340826	0.0888013169512124	-71316067.0080625	0.00984173128063448	0.0888018477297645	2.02625901568609e-06	0.111828614009424
20	10000	-71322143.1015014	0.0101683811902555	0.0900482496081098	-71322136.8841551	0.00982773012329685	0.0899870112144249	0.00133047532711894	0.128003755750159
20	10000	-71277719.1745165	0.0092771774405207	0.0894791870290612	-71277714.9208669	0.00843527948258938	0.0894798221296519	0.00163504778024826	0.100024154996965
20	10000	-71255912.253455	0.0103578893822205	0.0910468036849653	-71255885.7387736	0.00855900960525735	0.0907672267973125	0.00329664568801247	0.10509103089065
20	10000	-71269118.4890353	0.00893059922676365	0.0901912016863591	-71269118.4300861	0.00889291757677846	0.0901905891852482	0.00011740459098164	0.115752097473096
20	100000	-71295663.9301006	0.00824875602486363	0.0895556545600883	-71295663.4602209	0.0080174556660445	0.0895575831042972	0.000515359057282949	0.102797907967339
20	100000	-71299811.9495397	0.0089459070877328	0.0900985965978457	-71299811.0319191	0.00888863635532178	0.0901093239424424	0.000554456090775424	0.128878335927823
20	100000	-71295634.8735661	0.00893433513022046	0.0900876593954411	-71295633.3134168	0.00858794336427704	0.0900886205538517	0.000874239692579604	0.107074314880599
20	100000	-71326146.5391038	0.00937112924229577	0.0900869414639763	-71326146.5527959	0.00941101104412367	0.0900843880626466	3.74411065739988e-06	0.100719577182205
20	100000	-71263841.279191	0.00920767489550656	0.0900977408048888	-71263841.2641196	0.00915718920197317	0.0900972162097832	1.21807077069214e-06	0.10183891769028
20	100000	-71270051.3578939	0.00943202799385257	0.0900780711724859	-71270050.4637722	0.00924023684067443	0.090084052078453	0.00059234001200803	0.115568491878544
20	100000	-71260681.9770881	0.0101612736939958	0.0903893346228701	-71260679.805949	0.00989005317555824	0.0903781239349319	0.000873408120197428	0.125515786533037
20	100000	-71261074.873844	0.00938412974109371	0.0900859936136464	-71261075.0724967	0.00926068831961202	0.0901194644277258	6.6851594489048e-05	0.103021561799151
20	100000	-71303989.2725476	0.0101166085107818	0.0900690633090141	-71303988.604046	0.00978141897499407	0.0899565011705507	0.000723003919702148	0.10993286030749
20	100000	-71353445.814574	0.00917632714832506	0.0900886187876694	-71353442.4725232	0.00865114816063028	0.090122414192666	0.00162971974460191	0.122033884001982
20	100000	-71290339.9505317	0.00922041262541728	0.090080265746848	-71290333.9007324	0.0085366385237029	0.0900935266665976	0.00163736893745436	0.103121729533279
20	100000	-71300753.6887717	0.00892964397678475	0.0900965645051368	-71300753.6969902	0.00908080371077613	0.0900957316431716	2.56289240130325e-06	0.12213152425751
20	100000	-71269028.1679251	0.00800866992211269	0.0898969732056022	-71269028.1595206	0.0080106917480598	0.0898935329283639	6.36925486574569e-07	0.116416138406416
20	100000	-71266816.5758313	0.0108504734360628	0.0900599579988895	-71266815.5161774	0.0105734372073741	0.0899632879842197	0.000865114476135465	0.114747213227174
20	100000	-71213571.549613	0.00809322522391021	0.0901068359197286	-71213571.6284835	0.00833550530425575	0.0900984964906557	7.03339703067574e-06	0.103480420373495
20	100000	-71241329.0866922	0.00913377373341251	0.0901857499456843	-71241329.1026169	0.00921719382503272	0.0901829622462616	7.14333117768362e-07	0.101767234285384
20	100000	-71306760.9136474	0.00798179739730887	0.0900976649986022	-71306760.988016	0.00794811171979171	0.0900919517566665	2.66494583781585e-05	0.104599486251152
20	100000	-71283418.9130899	0.00916525077171615	0.0900995288523337	-71283414.0553352	0.00890881815986855	0.0901112646065404	0.00130008736717524	0.124640535419537
20	100000	-71267826.4879162	0.00890816658877824	0.0900604423762167	-71267817.8940163	0.00814613246110452	0.089958538311022	0.00175269907634901	0.107023297771872
20	100000	-71326541.8903379	0.0081288020923822	0.0900948412499831	-71326541.9770532	0.00822895144425106	0.0900926805806278	5.89310871312865e-06	0.101989755168246
20	2500	-71235540.8820623	0.00453915590150689	0.0840800064620075	-71235540.3660681	0.00431805589076373	0.0831966587149565	5.19923142316969e-08	0.108575795591545
20	2500	-71261821.1250649	0.00793709043084967	0.0899517800027727	-71261813.1543744	0.00742821760763168	0.0899549560191689	0.00186072941614446	0.118375505618032
20	2500	-71272363.456537	0.00718357842273432	0.0907478651125349	-71272359.500914	0.00700452756803349	0.0907467629931891	0.00114929236732364	0.115168528866549
20	2500	-71282718.4583614	0.0121253599572175	0.0900436213967468	-71282712.9678986	0.0110209585028552	0.090039575573687	0.00149390474468114	0.101051766914341
20	2500	-71245632.3814695	0.00856503923084251	0.0902016711489958	-71245603.3098681	0.00770751391195201	0.090201174642561	0.00311948138087903	0.121579256552143
20	2500	-71329954.8203036	0.00832541366983364	0.0905624687274909	-71329955.2961812	0.00823992232000037	0.0902010220408465	2.69662115626179e-06	0.127799115312676
20	2500	-71392366.0497534	0.0115965889821733	0.0901665216421757	-71392320.2854701	0.0098757419397022	0.0901341389471214	0.00379637035508096	0.109857352172129
20	2500	-71249642.7826384	0.00858213312138312	0.0909553469897472	-71249632.1289985	0.00703044334914904	0.0909061461644984	0.00236761627244131	0.101051416781169
20	2500	-71291599.9885107	0.00842144780881127	0.0900951872272339	-71291593.9283011	0.00821959545141393	0.0900953942255967	0.00141483283836197	0.124597395277071
20	2500	-71228237.7460589	0.00813250171941016	0.0898782019866807	-71228219.3172128	0.00632092768582937	0.0886125325865667	0.00295241567967419	0.10089875079536
20	2500	-71276859.522395	0.00817022500000775	0.0900970407937249	-71276835.2856336	0.00746285054019546	0.090096199024371	0.00280899360138898	0.114674141117165
20	2500	-71338807.7531573	0.00515973464778685	0.0892898033892315	-71338782.5199368	0.00460773296266104	0.0892275446508058	0.00283564179136386	0.124841601745493
20	2500	-71220657.8144717	0.0117295789478371	0.0899498929695301	-71220655.4376466	0.0114800232226359	0.0899496133093672	0.000858495427345618	0.121669272798468
20	2500	-71271390.1147672	0.00400272673484792	0.0907005504746067	-71271386.8494651	0.00358936684552646	0.0907486240213609	0.0010619167221998	0.11364893321543
20	2500	-71227908.7946755	0.00546678054535576	0.0897010433446598	-71227908.9584313	0.0056834131230965	0.0897086759934353	1.78609639522875e-07	0.110074589489994
20	2500	-71231133.654258	0.00634937764786303	0.0902012819730314	-71231125.2419739	0.00533035586645647	0.0901995255844627	0.00192403991999646	0.10002330975305
20	2500	-71335431.7846554	0.0089002491390201	0.0901958829076701	-71335424.5959537	0.00835376517605058	0.0901993045726798	0.00174848856258836	0.110435501932322
20	2500	-71328382.6995638	0.0113141384470105	0.0898696450803223	-71328340.6245837	0.00854400126554167	0.0898407350841985	0.00444135762786813	0.101750136130893
20	2500	-71366126.17672	0.0154672900868337	0.0943636515573065	-71366067.0956407	0.0133199868148364	0.0941901107056146	0.00459140388808954	0.123927480102952
20	2500	-71297414.8664002	0.00592258377291777	0.0892995317522089	-71297410.6659877	0.0046930566077672	0.088047234703917	0.00189422865237432	0.100475261343723
20	5000	-71259039.9972915	0.00882077235278267	0.0907485422760662	-71259027.0333482	0.00845666988126925	0.0907481666482756	0.00219137578458628	0.118326760960498
20	5000	-71291684.8015956	0.00895184359394896	0.0894886317360987	-71291684.8013265	0.00907960830556998	0.0894876441135076	3.94180165841362e-07	0.107045910859267
20	5000	-71243867.5737541	0.00557447056187821	0.0901076959340387	-71243858.2400962	0.00480842183319952	0.0901005279212246	0.00182953704247768	0.107025162971664
20	5000	-71332009.6632511	0.00902192947945735	0.0901002513421692	-71332009.6209698	0.00921830265806933	0.09009649266899	2.50836701275459e-05	0.10843638891204
20	5000	-71281785.4408441	0.00904495773292269	0.0899501864807252	-71281785.4643999	0.00914888749213338	0.0899501175452655	8.69134234426916e-06	0.100846952303581
20	5000	-71295083.287968	0.0101037441921107	0.0897001750714007	-71295083.319288	0.010118709074654	0.0896999701336836	1.09985896257214e-06	0.1096384951811
20	5000	-71346359.747169	0.00874920275794289	0.0897009335445052	-71346359.764332	0.00875993738348058	0.089699508827472	4.95166483371889e-08	0.10231756093014
20	5000	-71355232.8336784	0.00936056085962766	0.0900847833663244	-71355215.3021527	0.0085468900548441	0.0900926556879751	0.00274749917821082	0.118126883307954
20	5000	-71286167.2266948	0.00773389205204811	0.0896407588269684	-71286133.2320631	0.00658401170951017	0.0894876780387557	0.00341002788736267	0.114428308533168
20	5000	-71307575.3966987	0.0089295173710936	0.0910415365354225	-71307531.2982275	0.00791278758872704	0.0898803488348528	0.00372541062235132	0.115808414861538
20	5000	-71291741.2198603	0.00915321224777021	0.0901677493122064	-71291695.0213557	0.00805829367831756	0.0901527841945371	0.00396466679773555	0.119297719552051
20	5000	-71261960.3105009	0.00798317891101763	0.0900964276207619	-71261960.3747842	0.00777253731285577	0.090200399504371	4.98563667794549e-07	0.104418689120901
20	5000	-71254225.3174236	0.00798512850910515	0.0900678529316602	-71254210.4974162	0.00747499047494871	0.0900741971488734	0.00193641933142574	0.126254288756046
20	5000	-71285518.7069671	0.0127765565275191	0.0906847114889822	-71285499.4422887	0.0114530573177248	0.0906858298542879	0.00242532478980906	0.109392220263891
20	5000	-71257054.9986573	0.0100123223170357	0.0911935460551491	-71257054.2371667	0.00960401230592789	0.0911917848407236	0.00057585494232526	0.1057446124608
20	5000	-71288130.1186341	0.0114022832503186	0.0900498992150735	-71288122.533601	0.0104541531381797	0.0898087108885985	0.00176258510050753	0.107139280439772
20	5000	-71258156.3954321	0.0103740746723792	0.0899508731524386	-71258156.9393249	0.0103505606472286	0.0900850103025546	2.14361002826013e-05	0.113789302944706
20	5000	-71285233.6067389	0.00728174219646927	0.0897538250910069	-71285233.6856203	0.00726397587159799	0.0897559653027092	3.39011585048787e-06	0.129748424274795
20	5000	-71273197.3325083	0.00710002521386899	0.090095199397307	-71273197.330635	0.00723526128206475	0.0900963182628785	3.26961829300032e-06	0.100304751951832
20	5000	-71256819.5544298	0.00871390248391635	0.0905595126002014	-71256794.6003398	0.00795189312993538	0.0904101794675606	0.00295969677004004	0.118995314197311
20	500	-71272289.3826128	0.007073459999115905	0.0787735219127244	-71272290.5072851	0.007424668662245004	0.0787262529885452	8.057082400925175e-06	0.127057376492384
20	500	-71276291.2099817	0.012726346963959023	0.0897101116007913	-71276269.9589481	0.012436995295744047	0.0897053747082427	0.0019809827991769113	0.116744440511844
20	500	-71310583.9612098	0.010914785214643064	0.101918787669635	-71310452.9079358	0.007433128572339021	0.0900934699758889	0.006853402557300936	0.115952386885634
20	500	-71309071.9109661	0.025886768661584014	0.0849900010623523	-71309042.7420405	0.024671374168858007	0.0845363420662321	0.0028185863794351063	0.129903692293043
20	500	-71286855.5732781	0.009421241000758918	0.0813283301842106	-71286843.8664105	0.008641555689163916	0.081311424426489	0.0016395853000409355	0.115314051253724
20	500	-71340328.9806214	0.013364265838378908	0.121458811644713	-71340016.0980422	0.011210175153016921	0.070003581795231	0.011930356246842022	0.121414567767569
20	500	-71237707.7758776	1.910895192092088e-05	0.0700844949963896	-71237708.0690105	1.176980519790316e-05	0.0748333712006085	5.803253101954731e-06	0.1015920282584
20	500	-71250749.770708	0.013581263167618984	0.0887353745053538	-71250749.7168922	0.013451157985894913	0.0887375579756007	0.0006122755718029893	0.100630618155901
20	500	-71277212.729426	0.005635425704342056	0.116542120807351	-71277170.5520252	0.00368920245195703	0.0895908328109219	0.005323471646342948	0.11667598262394
20	500	-71273616.5412935	0.00643190826723905	0.0915821413849175	-71273618.0058814	0.006737817057982043	0.0915804514343095	6.51635670770867e-05	0.126912688340922
20	500	-71322754.0447047	0.01165073025111596	0.0887385312183801	-71322706.0897255	0.010876227575882025	0.0887347334296738	0.0036922453023179314	0.125631377733473
20	500	-71256038.4103827	0.006032212297044093	0.0901985370885326	-71256038.7157617	0.006270718644438067	0.090209142544373	1.0128927874997196e-05	0.100172155680104
20	500	-71299848.2368783	0.030019017697085038	0.0900459753270989	-71299808.539177	0.02369427905143806	0.0900494794515043	0.004116068293336106	0.11225276966494
20	500	-71338627.6476923	0.009771956615977961	0.103950361746148	-71338617.4848919	0.0013340215631830743	0.0931736794192274	0.008757014855194978	0.103953031439529
20	500	-71315621.1995375	0.015739509962144016	0.0895220157738822	-71315577.8126442	0.011268071102135013	0.0717806720925751	0.006009046129405005	0.101054892225638
20	500	-71354955.2847435	0.02721048176912	0.113370582996787	-71354653.7341314	0.011317107927479975	0.0879304920605439	0.017151751274184	0.113370791860891
20	500	-71278118.5619142	0.006156609824720993	0.0764475395131575	-71278085.3741736	0.005409640054322984	0.0764555894362683	0.003268703311158916	0.103129607504964
20	500	-71284486.2651553	0.014971950695483072	0.0897202574470009	-71284484.7636257	0.014886585871500935	0.0897008204913656	0.0002382856304841141	0.12151685210971
20	500	-71347811.8603747	0.00661204564894291	0.129021626371144	-71347676.3768379	0.0063332795176979095	0.0894876427532612	0.005503417319617898	0.12899065007943
20	500	-71335556.9222012	0.030190960158221092	0.0981035957679296	-71335301.0902044	0.012480517990717033	0.0972866038149174	0.013057860835218982	0.113188282940734
20	1000	-71222735.5641432	0.014592281368843052	0.0905604351689297	-71222736.6027781	0.01483261109491707	0.0907525716729017	0.00017767524366296694	0.102005117689747
20	1000	-71228686.532062	0.009368586799899048	0.0900998274627437	-71228681.7653091	0.008254885661017064	0.0900958555854075	0.0011265865595850855	0.107260458184593
20	1000	-71309146.742447	0.007304651403603923	0.0895548025298698	-71309147.3722671	0.007483624918397935	0.0896218841473403	9.98044668110154e-06	0.123728904372064
20	1000	-71302840.9947362	0.006879959988783102	0.0910138561578265	-71302840.6249917	0.007194091195460106	0.0910165474034177	0.0002888148189640338	0.100076071093854
20	1000	-71269384.6706764	0.007965712159835991	0.0904335204159098	-71269381.5684395	0.00819866686995896	0.0903772926296856	0.0010081510641389846	0.121995037877729
20	1000	-71246418.5307004	0.007158199140797961	0.0896988826879095	-71246420.8189193	0.006698098606802039	0.0897157099866507	0.00023036508035789716	0.10469176198172
20	1000	-71345729.2861424	0.009690158108715985	0.0924702938330656	-71345711.2859721	0.008507022343356985	0.092475105322064	0.002332076196976951	0.107598601812152
20	1000	-71320347.6956442	0.016467077274140984	0.0902443270064023	-71320289.0588183	0.013818111552263979	0.0902609323742915	0.004163828023761917	0.129999575933613
20	1000	-71319184.2525322	0.03802993307218394	0.09116491549763	-71319135.9344318	0.02341057857511797	0.0918577404132603	0.006008826578417947	0.113865046159532
20	1000	-71267820.0714858	0.013804761815803035	0.0900420500671678	-71267665.8390365	0.010290050545739948	0.080750316054054	0.0075373817722410585	0.129940193536465
20	1000	-71321791.6750379	0.00658956329569893	0.0891448739582434	-71321792.2162258	0.006271185225481091	0.0891189807021562	5.726449802012645e-06	0.107448376415702
20	1000	-71239230.9094537	0.012033187547078938	0.0863766455546416	-71239110.2685773	0.009491538426338098	0.0862856406095451	0.006113568339103925	0.1058931724433
20	1000	-71311479.1753877	0.008831005061683106	0.0898419559945844	-71311479.5528216	0.008523297916795958	0.0898891302003994	3.091268825028415e-06	0.100466919124888
20	1000	-71332850.7747663	0.014408530174544909	0.0905507891342275	-71332772.5787501	0.01282100435938105	0.0905775446248455	0.004842206892317069	0.118694961522804
20	1000	-71321641.4152295	0.014599590027463916	0.0984197916504777	-71321463.6801002	0.010362406269876057	0.0913346437797139	0.009235863771481001	0.110992311127537
20	1000	-71256951.4968306	0.012096082367319072	0.090081693440608	-71256945.6039873	0.010979539249336034	0.0900855468626586	0.0017122364678199276	0.102690958403136
20	1000	-71294032.0788439	0.013872619203257996	0.0896907134803918	-71293882.3423763	0.009329148271584042	0.0896450501863717	0.007614575250100897	0.106720071998292
20	1000	-71306935.1370886	0.006816556151497011	0.090022107447717	-71306935.2773215	0.006971713221440079	0.0898922664839445	2.885510405592484e-05	0.110644905234188
20	1000	-71306316.0944467	0.0062844717353210955	0.0892951977512688	-71306305.6844949	0.005364179056156937	0.089289257876939	0.0016530375726419022	0.115011026438282
20	1000	-71297247.0149401	0.00882810842953996	0.0902257339744895	-71297221.3024805	0.009126558611224023	0.0902213255658391	0.0023498929301610794	0.117447227699825
20	2000	-71280547.2404927	0.008221696354646363	0.0902066170383409	-71280541.8992878	0.008630945890003537	0.0902260882195555	0.0012117441602691522	0.119523604761191
20	2000	-71397618.9310577	0.014575218817005657	0.0901125178908014	-71397608.9200643	0.01414924136028743	0.0901093340450473	0.0012896908335044755	0.129686955886222
20	2000	-71261391.2548464	0.0065156316576612675	0.0901033951997781	-71261378.4918671	0.006266718870969914	0.090107926486841	0.0017857439794023015	0.127703298796745
20	2000	-71265163.1637549	0.0062743765139083515	0.0894915776735017	-71265163.6088442	0.0061093431901226205	0.0893634704464581	1.0684996399126281e-05	0.114474092059129
20	2000	-71300352.9209958	0.01193584097064636	0.0899508264833824	-71300353.2708592	0.01202519292983719	0.0900513067596269	0.00030148404888252295	0.125980590676637
20	2000	-71329556.6125882	0.004099663990102956	0.0834471127486455	-71329558.0554119	0.004153615598097223	0.0834602260522997	0.00051416566170333	0.109296150498795
20	2000	-71315798.0740789	0.008314638615504138	0.0897627376044083	-71315781.6953994	0.007913020806977155	0.0897763642437544	0.001654832247892479	0.111173783010746
20	2000	-71339062.5433496	0.010433978474684528	0.0896217312407701	-71339036.9032748	0.009510806421799287	0.0896100310203431	0.003214434163149481	0.120327541283755
20	2000	-71307448.5902522	0.01117633375422897	0.0885853352422166	-71307391.3267517	0.010176467695603644	0.0884150264505898	0.004106482216794767	0.129588041922515
20	2000	-71273542.7921128	0.005959947703690914	0.116413639475083	-71273449.9077709	0.005122025277378278	0.0707013041023424	0.005354273962378969	0.116424620900478
20	2000	-71281434.9709746	0.008198421264434229	0.0887586205328468	-71281416.4216963	0.00754536222579202	0.0887523198790823	0.0023627721846458173	0.127495559554969
20	2000	-71282575.411412	0.010702899480468077	0.0894633090815057	-71282563.3443914	0.010535914954096016	0.0896044345912827	0.0012681439465062356	0.112051631128129
20	2000	-71227750.583277	0.004058649279351103	0.0902191264300014	-71227750.7278113	0.004170546975669721	0.090192434407632	7.009273962991052e-06	0.102219543711704
20	2000	-71272731.5632476	0.00904077762154363	0.0899844198473436	-71272698.9508729	0.007107687252545771	0.0897300503668345	0.0036128436946534577	0.100491950745019
20	2000	-71272134.3094858	0.011235751889612542	0.0905767222079176	-71272051.5692242	0.009457115874585583	0.0905587999238928	0.005153324407571542	0.119631508417058
20	2000	-71461351.7599099	0.014321812078048076	0.0857743327497659	-71461276.0389615	0.011287194617819565	0.0857633545669658	0.0051470177528023355	0.116858368288761
20	2000	-71279195.8441185	0.009097179857348314	0.0885823312828128	-71279177.411753	0.007714252926640333	0.0884312176981743	0.0028666534373776443	0.100253066658476
20	2000	-71269636.7458616	0.007804126831836844	0.0905972967390075	-71269636.1002025	0.007402194744855613	0.0902071087263545	5.427673807351396e-07	0.107297029013052
20	2000	-71294517.3718902	0.009808716320484735	0.0900846515939047	-71294518.0823652	0.009651946471924999	0.0900851161361353	4.3401270556476284e-05	0.120365834413544
20	2000	-71339357.9934687	0.009116627123751015	0.0914791904382782	-71339352.1844081	0.008254377514663442	0.0915123679872324	0.0017232646122715732	0.103143230241597
