count	pop_size	lnl0	sel0	loc0	lnl1	sel1_0	loc1_0	sel1_1	loc1_1
20	10000	-71227964.6684425	0.008467448566795044	0.090096786880294	-71227964.7412947	0.008369494951704026	0.0900984928950685	7.785037847807263e-05	0.102995161670902
20	10000	-71281372.5930442	0.010255464503078904	0.0900646833465519	-71281372.7092974	0.010182234048777938	0.0900698133396606	0.0002670530658240855	0.102603790092983
20	10000	-71243661.9189644	0.011914123666998067	0.0897431683871106	-71243657.8044039	0.010627402305804057	0.0897255195032898	0.001587593493017958	0.102219353754082
20	10000	-71243201.0079778	0.007884829675074978	0.0899613301341195	-71243200.7723335	0.007415227421497916	0.0899689985319483	6.620644761978767e-06	0.105656193857738
20	10000	-71278922.6500763	0.011356394395176106	0.0900423481554668	-71278903.2092624	0.009551084601822968	0.0898964797089881	0.0030854307534999847	0.104507377478214
20	10000	-71288682.5916904	0.00861595768941803	0.0901153007353155	-71288675.1339083	0.008121508849764036	0.0900911255081453	0.0016744347579199514	0.112168806344259
20	10000	-71281292.7061447	0.00887781022039702	0.0904500809274703	-71281278.5636563	0.008159586703056942	0.0904208890894965	0.0019909038135370594	0.118312303536871
20	10000	-71297488.9292076	0.01048809017658403	0.0900981001089624	-71297483.4289519	0.00982730949737809	0.0901103286006466	0.0012589365520849771	0.112175092653868
20	10000	-71247403.5028687	0.00827344162639998	0.0900977400520947	-71247403.7315874	0.008202141934205098	0.0901039396636609	0.00018210101991900096	0.128765109185948
20	10000	-71355841.5294774	0.008744057629401003	0.0900225643008447	-71355834.4015674	0.008382110009625077	0.0899941966755345	0.0016940494753159285	0.103451789208901
20	10000	-71305161.6239629	0.011240088506682011	0.0904022567319882	-71305157.927137	0.01116259414213805	0.0900826068237176	0.0013160565563250515	0.125278789960705
20	10000	-71334592.6136193	0.011558629698399048	0.090068103649455	-71334580.0979106	0.011405134329935951	0.0900637991431573	0.0014307129982380484	0.120220400696131
20	10000	-71297271.0727865	0.009644237991756954	0.0901021914973034	-71297256.3192991	0.008959745060079904	0.0900763302729075	0.002247986181243	0.11759940448547
20	10000	-71250898.1731062	0.008343959117063982	0.0911091319512913	-71250893.2079893	0.007719467094356891	0.091278178272154	0.001367709783904103	0.117114940378379
20	10000	-71273574.6716884	0.00843400219024193	0.0900210655163531	-71273574.5900131	0.008449498730457083	0.0899625423255841	1.2324729357082731e-05	0.11800993963275
20	10000	-71340104.0434536	0.007527200419079061	0.0900988422062311	-71340102.6102905	0.007195427694803969	0.0901272565622391	0.000796675910294975	0.109001389734885
20	10000	-71322909.1863395	0.00890831726604302	0.0902011063704132	-71322905.5949732	0.008870910599175996	0.0902717646921467	0.0013146383796570627	0.120210377525316
20	10000	-71217977.3704337	0.008669670737319057	0.0901557482773112	-71217974.5466176	0.008220821734417072	0.0901504447551906	0.0011215343917190257	0.10088464402461
20	10000	-71302710.2356878	0.009996977722138922	0.0905763636830867	-71302706.6940892	0.009722517091663052	0.0906147638852478	0.0010636239088029908	0.106264813491112
20	10000	-71291081.7119674	0.010081400473442081	0.0900748841934654	-71291076.822976	0.009537790400021007	0.0900803536934209	0.0011814117558419657	0.110822675222535
20	5000	-71292977.9318473	0.008612291994097965	0.0900664487607148	-71292954.5038721	0.007862433361624066	0.0901331822534978	0.0026211268265798893	0.119532167035902
20	5000	-71305543.2663244	0.01168547243633511	0.0900795872752819	-71305535.2274668	0.011749793105235051	0.0900823419288301	0.0018582495479969596	0.12146193996773
20	5000	-71263956.0405388	0.010361212681499032	0.0900261046845941	-71263936.7672174	0.008787786497320038	0.0900365683410988	0.0029986673364630345	0.100410767153542
20	5000	-71279688.3325524	0.007630608383777049	0.0902100242858473	-71279683.167104	0.007055543625265059	0.090209530554309	0.001424499065216911	0.105960978130438
20	5000	-71290963.031328	0.009075957534978918	0.0898654944377415	-71290963.0274315	0.008738215776238012	0.0897131784236517	0.00020985045478394415	0.117389987751074
20	5000	-71328005.3565536	0.007733288566437069	0.0901059569487645	-71328005.5873754	0.007622439658262037	0.0901022621504475	0.0003271273882179404	0.126197727587188
20	5000	-71273405.9571656	0.008704836623996015	0.0907470639447929	-71273396.1094133	0.007681198300298009	0.0907433216742888	0.0019669472877990035	0.101308039597628
20	5000	-71300177.1029225	0.00961901057525505	0.0899616868555863	-71300148.3960354	0.00874300708087894	0.0898930119931478	0.003045292766095997	0.113761798326516
20	5000	-71260090.5029476	0.009583789866123071	0.090865987632735	-71260090.7702804	0.009120533424179067	0.0908465460434553	4.2943785040994165e-05	0.106249243373107
20	5000	-71274251.9281441	0.009174408844478954	0.0900956904824157	-71274250.8561872	0.009162684148099953	0.0901136259767819	0.0006716066419609756	0.103572001402564
20	5000	-71271512.0184612	0.009184982186681956	0.0925120562574455	-71271509.741313	0.008685601472194993	0.0924993916227341	0.0009191361071388959	0.103231476399931
20	5000	-71282132.6649558	0.01120791665685994	0.0896852086523444	-71282114.0561101	0.010597462795885026	0.0896734704967354	0.0023476270769180463	0.129589658563668
20	5000	-71287124.233293	0.012918058113354891	0.0910061014049261	-71287123.9325564	0.013243746544223	0.0909997502969504	5.465522017966684e-06	0.100458885057125
20	5000	-71276061.4377836	0.010490852322783906	0.0900962282634453	-71276057.7254581	0.01036436756225989	0.0901068844531763	0.0012619347575800743	0.118391134011361
20	5000	-71242839.9322836	0.011995038674955993	0.0900548652236238	-71242836.9526163	0.01203166246168308	0.0900107046147913	0.0009812274983050928	0.10351787971309
20	5000	-71271775.4257298	0.009010049912842044	0.0901005956374747	-71271775.5370883	0.008616674735419938	0.0901025868350074	0.00018893270957998087	0.106545685044622
20	5000	-71357999.4486117	0.01195880135944305	0.0910486561214451	-71357970.8542711	0.010589870425381065	0.0910504245554553	0.0031387797514000892	0.109878213620302
20	5000	-71292666.6156044	0.01002767057589704	0.0898140829005744	-71292660.4478356	0.009923508509780077	0.0898260273319082	0.0010788995748760577	0.121344685911502
20	5000	-71284718.9083961	0.00952650934978394	0.0900986096374035	-71284692.3942185	0.008800256194757994	0.0902379835912118	0.0030016159815219323	0.124762135787978
20	5000	-71271058.586029	0.010332144415384104	0.0900582120847538	-71271056.3545468	0.009930952024662099	0.0900598850458947	0.0006439114232800192	0.100005450688966
20	500	-71272289.3826128	0.007073459999115905	0.0787735219127244	-71272290.5072851	0.007424668662245004	0.0787262529885452	8.057082400925175e-06	0.127057376492384
20	500	-71276291.2099817	0.012726346963959023	0.0897101116007913	-71276269.9589481	0.012436995295744047	0.0897053747082427	0.0019809827991769113	0.116744440511844
20	500	-71310583.9612098	0.010914785214643064	0.101918787669635	-71310452.9079358	0.007433128572339021	0.0900934699758889	0.006853402557300936	0.115952386885634
20	500	-71309071.9109661	0.025886768661584014	0.0849900010623523	-71309042.7420405	0.024671374168858007	0.0845363420662321	0.0028185863794351063	0.129903692293043
20	500	-71286855.5732781	0.009421241000758918	0.0813283301842106	-71286843.8664105	0.008641555689163916	0.081311424426489	0.0016395853000409355	0.115314051253724
20	500	-71340328.9806214	0.013364265838378908	0.121458811644713	-71340016.0980422	0.011210175153016921	0.070003581795231	0.011930356246842022	0.121414567767569
20	500	-71237707.7758776	1.910895192092088e-05	0.0700844949963896	-71237708.0690105	1.176980519790316e-05	0.0748333712006085	5.803253101954731e-06	0.1015920282584
20	500	-71250749.770708	0.013581263167618984	0.0887353745053538	-71250749.7168922	0.013451157985894913	0.0887375579756007	0.0006122755718029893	0.100630618155901
20	500	-71277212.729426	0.005635425704342056	0.116542120807351	-71277170.5520252	0.00368920245195703	0.0895908328109219	0.005323471646342948	0.11667598262394
20	500	-71273616.5412935	0.00643190826723905	0.0915821413849175	-71273618.0058814	0.006737817057982043	0.0915804514343095	6.51635670770867e-05	0.126912688340922
20	500	-71322754.0447047	0.01165073025111596	0.0887385312183801	-71322706.0897255	0.010876227575882025	0.0887347334296738	0.0036922453023179314	0.125631377733473
20	500	-71256038.4103827	0.006032212297044093	0.0901985370885326	-71256038.7157617	0.006270718644438067	0.090209142544373	1.0128927874997196e-05	0.100172155680104
20	500	-71299848.2368783	0.030019017697085038	0.0900459753270989	-71299808.539177	0.02369427905143806	0.0900494794515043	0.004116068293336106	0.11225276966494
20	500	-71338627.6476923	0.009771956615977961	0.103950361746148	-71338617.4848919	0.0013340215631830743	0.0931736794192274	0.008757014855194978	0.103953031439529
20	500	-71315621.1995375	0.015739509962144016	0.0895220157738822	-71315577.8126442	0.011268071102135013	0.0717806720925751	0.006009046129405005	0.101054892225638
20	500	-71354955.2847435	0.02721048176912	0.113370582996787	-71354653.7341314	0.011317107927479975	0.0879304920605439	0.017151751274184	0.113370791860891
20	500	-71278118.5619142	0.006156609824720993	0.0764475395131575	-71278085.3741736	0.005409640054322984	0.0764555894362683	0.003268703311158916	0.103129607504964
20	500	-71284486.2651553	0.014971950695483072	0.0897202574470009	-71284484.7636257	0.014886585871500935	0.0897008204913656	0.0002382856304841141	0.12151685210971
20	500	-71347811.8603747	0.00661204564894291	0.129021626371144	-71347676.3768379	0.0063332795176979095	0.0894876427532612	0.005503417319617898	0.12899065007943
20	500	-71335556.9222012	0.030190960158221092	0.0981035957679296	-71335301.0902044	0.012480517990717033	0.0972866038149174	0.013057860835218982	0.113188282940734
20	1000	-71222735.5641432	0.014592281368843052	0.0905604351689297	-71222736.6027781	0.01483261109491707	0.0907525716729017	0.00017767524366296694	0.102005117689747
20	1000	-71228686.532062	0.009368586799899048	0.0900998274627437	-71228681.7653091	0.008254885661017064	0.0900958555854075	0.0011265865595850855	0.107260458184593
20	1000	-71309146.742447	0.007304651403603923	0.0895548025298698	-71309147.3722671	0.007483624918397935	0.0896218841473403	9.98044668110154e-06	0.123728904372064
20	1000	-71302840.9947362	0.006879959988783102	0.0910138561578265	-71302840.6249917	0.007194091195460106	0.0910165474034177	0.0002888148189640338	0.100076071093854
20	1000	-71269384.6706764	0.007965712159835991	0.0904335204159098	-71269381.5684395	0.00819866686995896	0.0903772926296856	0.0010081510641389846	0.121995037877729
20	1000	-71246418.5307004	0.007158199140797961	0.0896988826879095	-71246420.8189193	0.006698098606802039	0.0897157099866507	0.00023036508035789716	0.10469176198172
20	1000	-71345729.2861424	0.009690158108715985	0.0924702938330656	-71345711.2859721	0.008507022343356985	0.092475105322064	0.002332076196976951	0.107598601812152
20	1000	-71320347.6956442	0.016467077274140984	0.0902443270064023	-71320289.0588183	0.013818111552263979	0.0902609323742915	0.004163828023761917	0.129999575933613
20	1000	-71319184.2525322	0.03802993307218394	0.09116491549763	-71319135.9344318	0.02341057857511797	0.0918577404132603	0.006008826578417947	0.113865046159532
20	1000	-71267820.0714858	0.013804761815803035	0.0900420500671678	-71267665.8390365	0.010290050545739948	0.080750316054054	0.0075373817722410585	0.129940193536465
20	1000	-71321791.6750379	0.00658956329569893	0.0891448739582434	-71321792.2162258	0.006271185225481091	0.0891189807021562	5.726449802012645e-06	0.107448376415702
20	1000	-71239230.9094537	0.012033187547078938	0.0863766455546416	-71239110.2685773	0.009491538426338098	0.0862856406095451	0.006113568339103925	0.1058931724433
20	1000	-71311479.1753877	0.008831005061683106	0.0898419559945844	-71311479.5528216	0.008523297916795958	0.0898891302003994	3.091268825028415e-06	0.100466919124888
20	1000	-71332850.7747663	0.014408530174544909	0.0905507891342275	-71332772.5787501	0.01282100435938105	0.0905775446248455	0.004842206892317069	0.118694961522804
20	1000	-71321641.4152295	0.014599590027463916	0.0984197916504777	-71321463.6801002	0.010362406269876057	0.0913346437797139	0.009235863771481001	0.110992311127537
20	1000	-71256951.4968306	0.012096082367319072	0.090081693440608	-71256945.6039873	0.010979539249336034	0.0900855468626586	0.0017122364678199276	0.102690958403136
20	1000	-71294032.0788439	0.013872619203257996	0.0896907134803918	-71293882.3423763	0.009329148271584042	0.0896450501863717	0.007614575250100897	0.106720071998292
20	1000	-71306935.1370886	0.006816556151497011	0.090022107447717	-71306935.2773215	0.006971713221440079	0.0898922664839445	2.885510405592484e-05	0.110644905234188
20	1000	-71306316.0944467	0.0062844717353210955	0.0892951977512688	-71306305.6844949	0.005364179056156937	0.089289257876939	0.0016530375726419022	0.115011026438282
20	1000	-71297247.0149401	0.00882810842953996	0.0902257339744895	-71297221.3024805	0.009126558611224023	0.0902213255658391	0.0023498929301610794	0.117447227699825
