count	pop_size	lnl0	lnl1	lnl2
50	1000	-152503868.225838	-152503725.349183
50	1000	-152477583.705444	-152477438.589819
50	1000	-152511928.534603	-152511901.412462
50	1000	-152424685.804528	-152424678.036998
50	1000	-152457619.968559	-152457569.095373
50	1000	-152299440.081386	-152299280.261952
50	1000	-152493677.456793	-152493648.697958
50	1000	-152477960.749281	-152477949.232116
50	1000	-152512842.2961	-152512757.931518
50	1000	-152430607.726839	-152430567.604959
50	1000	-152407351.980294	-152407347.180957
50	1000	-152386079.839351	-152386078.773184
50	1000	-152489602.599378	-152489561.885817
50	1000	-152570084.832139	-152569966.863194
50	1000	-152504632.62915	-152504630.634338
50	1000	-152396704.540682	-152396470.319665
50	1000	-152512162.489835	-152512043.302284
50	1000	-152473088.920161	-152473031.364173
50	1000	-152420404.466633	-152420390.119583
50	1000	-152397858.900637	-152397858.432686
50	1000	-152374919.280283	-152374919.202868
50	1000	-152493082.76238	-152493029.118795
50	1000	-152427360.243084	-152427199.593501
50	1000	-152504993.658085	-152504990.15473
50	1000	-152479827.972353	-152479500.162794
50	1000	-152351491.947704	-152350867.859722
50	1000	-152465862.046567	-152465685.526649
50	1000	-152411368.811131	-152411267.188136
50	1000	-152456523.095794	-152456446.138562
50	1000	-152596065.414985	-152596029.405344
50	1000	-152409480.079234	-152409286.896074
50	1000	-152591929.347467	-152591910.30589
50	1000	-152503563.146043	-152503549.507675
50	1000	-152413460.34603	-152412958.241678
50	1000	-152384965.410567	-152384942.807106
50	1000	-152551226.745101	-152551066.416269
50	1000	-152419782.05009	-152419696.933734
50	1000	-152443657.3299	-152443166.108694
50	1000	-152542940.152195	-152542790.820501
50	1000	-152537793.775094	-152537790.075884
50	1000	-152477737.451754	-152477670.648565
50	1000	-152468747.935221	-152468631.608904
50	1000	-152485419.938929	-152485414.817268
50	1000	-152411726.015656	-152411683.23734
50	1000	-152522800.301597	-152522614.196769
50	1000	-152451660.599405	-152451557.518726
50	1000	-152402429.470388	-152402420.309312
50	1000	-152510432.688525	-152510293.779122
50	1000	-152471249.961872	-152471066.702532
50	1000	-152563963.579983	-152563952.814386
50	10000	-152543337.282799	-152543330.199404
50	10000	-152538979.144154	-152538965.586801
50	10000	-152484291.903984	-152484290.642584
50	10000	-152400883.264032	-152400876.744461
50	10000	-152541044.502427	-152541037.877949
50	10000	-152370906.482769	-152370893.974765
50	10000	-152553784.441451	-152553778.216108
50	10000	-152493474.082661	-152493471.648315
50	10000	-152447771.211594	-152447769.212076
50	10000	-152479195.058814	-152479192.44092
50	10000	-152511907.288331	-152511906.724617
50	10000	-152506644.462192	-152506586.729459
50	10000	-152521716.092617	-152521713.580679
50	10000	-152390769.403362	-152390767.652123
50	10000	-152491798.92372	-152491785.500731
50	10000	-152430377.452274	-152430376.846561
50	10000	-152510802.01173	-152510801.119811
50	10000	-152458673.358797	-152458673.159555
50	10000	-152551654.907534	-152551647.017242
50	10000	-152468375.798226	-152468373.235827
50	10000	-152490318.089067	-152490318.034836
50	10000	-152557078.174483	-152557070.440662
50	10000	-152413846.142472	-152413843.205038
50	10000	-152401156.013619	-152401135.791118
50	10000	-152490407.553811	-152490406.872397
50	10000	-152522130.237287	-152522118.837584
50	10000	-152474114.26099	-152474082.002139
50	10000	-152453335.518342	-152453332.780203
50	10000	-152404743.507845	-152404735.532211
50	10000	-152440086.106269	-152440086.106269
50	10000	-152419454.054009	-152419448.539306
50	10000	-152468167.960273	-152468162.478321
50	10000	-152405001.538647	-152405000.203355
50	10000	-152437963.767418	-152437957.585741
50	10000	-152454506.787445	-152454501.548413
50	10000	-152418823.537098	-152418802.766388
50	10000	-152487227.549816	-152487205.770163
50	10000	-152493939.617903	-152493939.55419
50	10000	-152401420.40201	-152401408.851036
50	10000	-152536461.418252	-152536457.260626
50	10000	-152545224.793004	-152545212.318827
50	10000	-152498684.140066	-152498655.474817
50	10000	-152432602.167761	-152432591.532348
50	10000	-152440624.849324	-152440578.09366
50	10000	-152439294.539682	-152439274.699796
50	10000	-152471008.592544	-152470977.897356
50	10000	-152467629.759674	-152467627.994648
50	10000	-152561454.888987	-152561431.790029
50	10000	-152460367.008873	-152460363.855361
50	10000	-152494807.686921	-152494807.655981
50	1000000	-152512431.256746	-152512430.549646	-152512424.408532
50	1000000	-152509481.274891	-152509475.074054	-152509471.819001
50	1000000	-152434689.746225	-152434681.851633	-152434678.970789
50	1000000	-152523989.402051	-152523985.170246	-152523979.788202
50	1000000	-152491485.492853	-152491485.293875	-152491478.6972
50	1000000	-152455914.173759	-152455913.326302	-152455910.199353
50	1000000	-152358191.606668	-152358190.397828	-152358186.000755
50	1000000	-152644107.706962	-152644092.851524	-152644086.428808
50	1000000	-152497367.377041	-152497357.905816	-152497346.424602
50	1000000	-152499976.762089	-152499960.243678	-152499955.045664
50	1000000	-152476573.366028	-152476565.074375	-152476563.537614
50	1000000	-152422997.024446	-152422995.744671	-152422983.42425
50	1000000	-152466670.313935	-152466664.146572	-152466660.300993
50	1000000	-152575652.546785	-152575651.565399	-152575648.408789
50	1000000	-152438158.260448	-152438158.19998	-152438146.421923
50	1000000	-152438562.079428	-152438557.235381	-152438536.758998
50	1000000	-152484887.914691	-152484877.165894	-152484865.809323
50	1000000	-152466125.86262	-152466122.088718	-152466113.691771
50	1000000	-152393623.475287	-152393616.655692	-152393613.045177
50	1000000	-152475512.355325	-152475511.499889	-152475510.766574
50	1000000	-152427754.854484	-152427754.854484	-152427748.436558
50	1000000	-152487630.590031	-152487628.76088	-152487622.60295
50	1000000	-152512436.108338	-152512430.572058	-152512427.760157
50	1000000	-152472397.302758	-152472384.23262	-152472380.766008
50	1000000	-152511752.060256	-152511752.060256	-152511736.669016
50	1000000	-152520551.177406	-152520548.958913	-152520548.084221
50	1000000	-152471608.05286	-152471604.851122	-152471596.445379
50	1000000	-152462839.603841	-152462823.919278	-152462791.052088
50	1000000	-152429256.35458	-152429252.945312	-152429237.469141
50	1000000	-152453350.080372	-152453343.649117	-152453328.053595
50	1000000	-152587800.20038	-152587800.20038	-152587793.545787
50	1000000	-152512909.197787	-152512898.444919	-152512892.936044
50	1000000	-152562775.497742	-152562775.497742	-152562760.843738
50	1000000	-152454616.503693	-152454610.232356	-152454601.810243
50	1000000	-152448283.406828	-152448281.478356	-152448279.311486
50	1000000	-152399448.350547	-152399439.427469	-152399429.165948
50	1000000	-152450930.418089	-152450928.165112	-152450916.619622
50	1000000	-152371328.149143	-152371324.862664	-152371317.248044
50	1000000	-152482558.845283	-152482558.021106	-152482557.776397
50	1000000	-152447326.843378	-152447320.787387	-152447316.585084
50	1000000	-152430380.969857	-152430380.149789	-152430373.108489
50	1000000	-152479078.210259	-152479077.505009	-152479055.505295
50	1000000	-152416882.844514	-152416882.823138	-152416872.288078
50	1000000	-152511230.273264	-152511223.921013	-152511218.168024
50	1000000	-152451576.568285	-152451561.395302	-152451555.65691
50	1000000	-152435357.934014	-152435346.452719	-152435343.785978
50	1000000	-152461546.722386	-152461544.284835	-152461535.08064
50	1000000	-152344107.713164	-152344105.869262	-152344102.740188
50	1000000	-152428186.53186	-152428185.671029	-152428179.857166
50	1000000	-152494400.271654	-152494400.199765	-152494395.258732
50	100000	-152437691.422629	-152437685.019847	-152437675.064186
50	100000	-152540559.855196	-152540542.909079	-152540533.205821
50	100000	-152535575.395904	-152535560.525733	-152535544.573243
50	100000	-152450932.605899	-152450916.071941	-152450915.7491
50	100000	-152414898.617499	-152414896.452766	-152414888.869383
50	100000	-152477190.555056	-152477189.303468	-152477182.161761
50	100000	-152577573.686229	-152577568.066169	-152577561.353129
50	100000	-152454794.740723	-152454788.351567	-152454781.360257
50	100000	-152388022.034771	-152388019.305134	-152388008.536128
50	100000	-152447767.158449	-152447756.416054	-152447749.451731
50	100000	-152532513.012886	-152532512.670119	-152532511.14727
50	100000	-152473788.705867	-152473784.49248	-152473783.691302
50	100000	-152480327.292883	-152480326.697042	-152480304.08481
50	100000	-152501567.430094	-152501558.541016	-152501550.278812
50	100000	-152533208.002648	-152533202.803977	-152533197.239573
50	100000	-152518737.655376	-152518735.603756	-152518726.212279
50	100000	-152496995.785818	-152496991.572537	-152496988.146493
50	100000	-152482048.775414	-152482047.168469	-152482046.540242
50	100000	-152432741.384965	-152432740.475049	-152432733.376528
50	100000	-152394210.853445	-152394207.453949	-152394184.511819
50	100000	-152451266.612445	-152451263.475667	-152451250.277123
50	100000	-152440371.763297	-152440362.963212	-152440348.048109
50	100000	-152480025.153488	-152480024.880043	-152480007.468467
50	100000	-152417563.41568	-152417556.735494	-152417554.667425
50	100000	-152359118.596323	-152359118.079729	-152359116.445372
50	100000	-152394681.314376	-152394668.318898	-152394649.051799
50	100000	-152410391.981117	-152410391.981117	-152410386.189512
50	100000	-152534350.362065	-152534350.19325	-152534338.702398
50	100000	-152492411.271248	-152492405.616707	-152492400.161514
50	100000	-152499833.688752	-152499823.116898	-152499819.138795
50	100000	-152513574.854377	-152513571.355817	-152513563.915253
50	100000	-152605342.703529	-152605342.07645	-152605335.527992
50	100000	-152455295.441729	-152455285.902794	-152455268.365368
50	100000	-152446812.110513	-152446811.878289	-152446808.994418
50	100000	-152459035.021159	-152459028.698323	-152459014.814524
50	100000	-152440321.72128	-152440305.998283	-152440303.967317
50	100000	-152497573.958812	-152497564.218234	-152497558.719641
50	100000	-152460948.240001	-152460944.761179	-152460924.498057
50	100000	-152410904.638051	-152410904.417492	-152410894.56728
50	100000	-152521805.057652	-152521795.566659	-152521794.700746
50	100000	-152443443.149924	-152443428.754595	-152443425.729928
50	100000	-152430314.299329	-152430309.3882	-152430295.340682
50	100000	-152420128.885088	-152420108.999307	-152420100.834563
50	100000	-152459775.76738	-152459774.961774	-152459769.561771
50	100000	-152448170.438666	-152448164.670612	-152448138.594236
50	100000	-152373781.900864	-152373774.413407	-152373773.065123
50	100000	-152433886.640635	-152433886.251631	-152433872.496282
50	100000	-152516346.132973	-152516339.488312	-152516326.213022
50	100000	-152530571.27579	-152530566.468382	-152530559.369843
50	100000	-152479674.379429	-152479668.561033	-152479663.730295
