count	pop_size	lnl0	sel0	loc0	lnl1	sel1_0	loc1_0	sel1_1	loc1_1
20	5000	-71361620.8044676	0.012141682250798036	0.0900479457374707	-71361489.1729155	0.008651531256496092	0.0890573555053022	0.006835053982560901	0.110319345412995
20	5000	-71319056.9260994	0.010904250707275964	0.110138886166049	-71318903.8084717	0.007504114276563056	0.0901146004282946	0.008237136624358099	0.110145221827279
20	5000	-71345664.7237732	0.017689985498420047	0.0895935606860283	-71345399.6581639	0.011331035548817092	0.0895241579685954	0.010208926466277024	0.110128617998527
20	5000	-71318312.5960598	0.0203940914368429	0.090045626221854	-71318042.2004299	0.011448704733621029	0.0896311019071138	0.010468905096460923	0.110042803582669
20	5000	-71215133.1832577	0.012680512782675901	0.0911663168658018	-71214967.7867768	0.008800087453745054	0.0908829817007522	0.00722934624190108	0.109506904225838
20	5000	-71358706.4434313	0.012826152881642905	0.11021066219876	-71358509.7835305	0.008219514598517108	0.0896985088494799	0.00962799364383704	0.110215456875741
20	5000	-71336407.4315761	0.016266481082704898	0.110122973673733	-71336134.2111183	0.010452676972320996	0.0894293177428971	0.01132415243464302	0.110154976036658
20	5000	-71327621.3459595	0.027342753292921018	0.0900435879902198	-71327374.9872883	0.013866917696480963	0.0900358606718203	0.011019506655243094	0.110092766188489
20	5000	-71246695.0018409	0.01201176985844099	0.110128006057268	-71246520.8067371	0.008096510708998084	0.0896984571052603	0.008660258566342893	0.110154206462272
20	5000	-71307283.9097859	0.011084778139357931	0.0900266873899828	-71307122.4644699	0.007645459232881957	0.089790224978395	0.007428685072777941	0.110170925260037
20	5000	-71222450.3428908	0.00871525599096501	0.110139118721931	-71222387.0974676	0.005041792087839059	0.0901525482870542	0.006834906427702014	0.110378444629284
20	5000	-71320273.6701763	0.01523131376638498	0.0901660988408216	-71320032.6674386	0.010088301337761063	0.0901154668740205	0.009256772133298008	0.110140546263337
20	5000	-71286490.8500264	0.016645143841222954	0.0912519364210193	-71286262.1926888	0.010880185064121917	0.0914189684109152	0.009185371379320073	0.1095067587492
20	5000	-71337114.83891	0.01483305261003709	0.110244296315022	-71336985.2589733	0.007143825870376097	0.0902090090234169	0.010573508502144002	0.11029546424898
20	5000	-71393973.5350741	0.022617451211097928	0.0904963631791993	-71393787.5040058	0.014551571952738929	0.0900842173726695	0.008738699678836892	0.110178367014575
20	5000	-71317576.6400008	0.011331762595498951	0.110148914146755	-71317480.9655263	0.00605454886818102	0.0905742919251074	0.0087004064419971	0.110141115762678
20	5000	-71336117.8934036	0.014487161303676	0.11007778925763	-71335897.1470731	0.009425291787664047	0.0903367942118999	0.009841568434657	0.110042096626507
20	5000	-71328439.3383059	0.02316070261704395	0.110088805589859	-71328199.0464573	0.010364123766736011	0.0892496004495015	0.01323959462605595	0.110586359232661
20	5000	-71402450.2821149	0.019060381527496895	0.110212486493836	-71402221.8442197	0.010093134266342063	0.0896171879546156	0.011889882988154965	0.110231002447929
20	5000	-71342357.6104342	0.012528030457077066	0.110213001937939	-71342164.2324585	0.008387780716401894	0.0900879279214413	0.008562814011001896	0.110312471662441
20	10000	-71274504.4197533	0.014477883236296951	0.110248814043646	-71274255.0662655	0.009986688125958931	0.0900923034993887	0.009722101489337054	0.110232351266977
20	10000	-71325865.9017631	0.012381124238624919	0.110097338791912	-71325696.5611737	0.007737448511417999	0.0897676906496471	0.009174342901205113	0.110105722322501
20	10000	-71280368.1685737	0.015418310243741962	0.0903555748638905	-71280154.5481004	0.01081814499096001	0.0901146891477721	0.008657249559722913	0.110187268806855
20	10000	-71381625.0011119	0.014843114093141097	0.110088164210537	-71381426.4089124	0.009079209589182069	0.08998605169811	0.010050462504799906	0.110377096278415
20	10000	-71385453.1366058	0.019378103745535946	0.0900337242820356	-71385176.628277	0.011190124286539094	0.0900531371810664	0.010806091571724075	0.110402909811307
20	10000	-71258229.7091934	0.010918214211416921	0.109321870828701	-71258080.5572477	0.0077137770694248875	0.090150154277919	0.008155400051660044	0.110085628996085
20	10000	-71299690.0059604	0.011789011295517904	0.110218855309102	-71299515.7891621	0.00807366611572391	0.0899495327567751	0.008108620985260107	0.11016745992047
20	10000	-71283315.9833917	0.013524635211281	0.0900613763724777	-71283106.149479	0.009385638545504005	0.0901719433909504	0.008442563825578064	0.11031780119376
20	10000	-71281985.9812308	0.014002971444222911	0.090494886311624	-71281759.9083148	0.009711030101679063	0.0901162613196481	0.009125062950180896	0.110157171744705
20	10000	-71295329.1252847	0.017167725898063035	0.110275788400461	-71295176.3888996	0.00784104926029694	0.0901245841000408	0.011958103786923968	0.110402817804101
20	10000	-71277270.3347777	0.017471152636039933	0.110203432487769	-71277055.0485134	0.009268127349403965	0.0900767422446883	0.012108476228604004	0.110164046247295
20	10000	-71352518.9556328	0.014899651158337912	0.0911659546630463	-71352316.3309209	0.010506350270242937	0.0901440968190081	0.00849575649982004	0.110244245809806
20	10000	-71402010.6480439	0.017775163625722956	0.0896783407361574	-71401737.4005114	0.011218376155923027	0.0896625714445797	0.010536523951583998	0.110039466714416
20	10000	-71276936.7720922	0.01558179875643706	0.110090412708462	-71276704.9837768	0.010078072011659112	0.0904871623708874	0.009829573292195914	0.110166796882259
20	10000	-71344878.5429706	0.014950418023802925	0.11008509757004	-71344662.0962364	0.009169828381055067	0.0895025291461169	0.010332677755216957	0.110139407723792
20	10000	-71246902.8410146	0.020411198019201993	0.0904937283305848	-71246667.2256588	0.012385039144242938	0.0902720567030154	0.009347583030783091	0.110295532750617
20	10000	-71327577.8019726	0.023507702667203922	0.0898280348884953	-71327415.4945894	0.014573285556498061	0.0897906597666585	0.008122605799423033	0.110124645767057
20	10000	-71316859.9074904	0.01699938347233998	0.0900457061340609	-71316666.284551	0.011132416645017074	0.0898816532944228	0.008503817428823002	0.110155482080893
20	10000	-71373446.5764816	0.014672350162225012	0.110268099609204	-71373204.2535983	0.0094154414512021	0.0898559098095653	0.00997057486616304	0.11050262980141
20	10000	-71293245.4391982	0.012152715282742088	0.0900511120673137	-71293103.3625129	0.009130474152156065	0.0900577686414659	0.006993263630622026	0.110294961745562
20	1000	-71329313.1125106	0.03572619626463802	0.108916432310809	-71329221.2538978	0.005471841477659001	0.0899641823037431	0.029155895850916935	0.108903394930276
20	1000	-71284337.1763094	0.03549216747014006	0.0900430250577974	-71284210.8097843	0.016014195421098942	0.0900434666738138	0.008157055437295946	0.10940099974984
20	1000	-71298486.9428321	0.007078152362204104	0.0927708206540083	-71298450.8880534	0.006586837099436971	0.0927846698455659	0.0032134358246760364	0.128680443448596
20	1000	-71323123.9648918	0.012334703546236003	0.111043264251926	-71323026.1901998	0.005979379329241974	0.0935316979831463	0.00975026471577689	0.111054547404106
20	1000	-71293677.5766814	0.0113530211175219	0.108538842789494	-71293566.0087715	0.006331788881875022	0.0884681688788977	0.00904178780728404	0.108543637220677
20	1000	-71239484.5424021	0.026444120586142983	0.11032337482223	-71239379.0019051	0.006578814252897969	0.0916002468301131	0.019243663047397996	0.110316622654768
20	1000	-71290748.2298037	0.010204222234842075	0.0902123246333504	-71290652.8926058	0.008217920129574896	0.0902030619899399	0.005331879407464046	0.109638531130412
20	1000	-71328968.1595167	0.01066447765812395	0.0711199577551926	-71328680.4499904	0.008826281667796088	0.0708151444671202	0.00916668352949801	0.109701421040048
20	1000	-71241910.4902928	0.009378553132243894	0.110595678218951	-71241830.882401	0.005139642952862067	0.0831873159422414	0.008049197407264064	0.110617559606036
20	1000	-71355651.6996035	0.01412006282590006	0.110823378359912	-71355481.8080496	0.008092664482303946	0.0902056189101977	0.009645817652879973	0.110747367618892
20	1000	-71357330.6507403	0.02452271142182294	0.110084900425491	-71357045.3811404	0.011509580776438044	0.0906556564956909	0.013223376243222007	0.1103416035456
20	1000	-71331573.0117393	0.015237213459300958	0.0922534296966234	-71331498.5276516	0.010977397293722047	0.0919676896062007	0.005364710428596098	0.108539409221418
20	1000	-71370792.6853486	0.018700900245297025	0.0907014302720969	-71370783.0565215	0.0181111314719149	0.0908360560102851	0.001303459145560959	0.110720359019142
20	1000	-71314751.518115	0.017644743884863034	0.108335418848685	-71314482.6879636	0.010727950565439959	0.0900744081761119	0.01168491766125801	0.111131668210188
20	1000	-71294579.5709346	0.0069104469485979925	0.109529550170736	-71294552.6420308	0.0033395317578429617	0.0839444054946029	0.006324648501081054	0.109466854610976
20	1000	-71278935.3032751	0.005459949890217919	0.110165343696601	-71278918.3386109	0.002480489058857893	0.094544877947664	0.004733042180255054	0.110323190199835
20	1000	-71246690.8967662	0.01155538433989689	0.109424283734378	-71246656.4132698	0.002904333488201072	0.0901945496440157	0.010522565267303996	0.109477271017437
20	1000	-71282459.9607112	0.011349632413244048	0.0896066580186473	-71282381.9867986	0.008833229370938	0.089510000131325	0.005225705759536958	0.110325986073162
20	1000	-71332185.5573982	0.01954213030932106	0.0893936886836595	-71331935.1694364	0.012546400661201051	0.0892764531375596	0.00987793527056502	0.11011451862238
20	1000	-71326204.1378573	0.018188658294436055	0.103668108561299	-71325978.5909348	0.010450806318604955	0.0900971442505372	0.011088715810422922	0.107441255170623
20	500	-71359324.7398089	0.016298479750024075	0.0897639275670585	-71359150.0818629	0.013450012683917989	0.0894917880416603	0.007985442781422103	0.122730948006902
20	500	-71223091.7060747	0.009580101698084986	0.0727777943271545	-71222939.6614126	0.008218632982537999	0.072699527664377	0.006624767928602893	0.109705093166925
20	500	-71260422.1423052	0.03176344832760103	0.0895333082082799	-71260303.5981436	0.023132268151054958	0.0894604789168686	0.006843856839881979	0.109452948320051
20	500	-71329045.1502811	0.015135763110956102	0.0926281138190145	-71328825.6068073	0.012190063193782907	0.0926789474032345	0.008974509547242104	0.129733535290828
20	500	-71354761.621349	0.04388135663759807	0.109404056888748	-71354612.8986852	0.008907591297834916	0.0902091213657887	0.02802344286580205	0.109409672865483
20	500	-71220021.9139102	0.005805100174636091	0.0902000100878392	-71220022.6095992	0.005873017912123024	0.0901923282759221	4.1733123170573094e-06	0.129808376073313
20	500	-71317992.0948505	0.018727750815420108	0.0894463873539085	-71317953.4642707	0.01665386938551594	0.0893168569640986	0.0033532734005190523	0.128670391597039
20	500	-71338080.1512453	0.01963574585000305	0.0936333164764697	-71337915.9019067	0.010526068724717064	0.0933532923274238	0.00990858782773707	0.103160332030715
20	500	-71306435.0038138	0.008394771185480931	0.0783007225904758	-71306342.5671494	0.007000304759223086	0.0782260938274568	0.0054427332019190144	0.109862612483835
20	500	-71270249.3310364	0.005571901633322107	0.109654793078039	-71270245.7979922	0.0006729778956349186	0.0702273372017192	0.005626089025302927	0.109713605731959
20	500	-71292079.1349919	0.012333701136563957	0.0982115848283193	-71291882.4858254	0.008961190872636027	0.0981744772235824	0.008487079935696973	0.12110455968452
20	500	-71270147.5079466	0.005897569057415897	0.110343354737293	-71270115.7202573	0.0035707817805420428	0.0997967822470752	0.004205289918444044	0.110314456894197
20	500	-71284829.6289753	0.013811768228901067	0.118042158904566	-71284699.9112586	0.006590417078399913	0.090200107009951	0.010249211638876043	0.118066149888522
20	500	-71370276.5182211	0.03688391509286504	0.105332256300753	-71370172.6667495	0.011697999426698913	0.0959302615612428	0.018688228664241024	0.110155917873376
20	500	-71299217.2341091	0.019508339919998896	0.108918462295822	-71299033.941055	0.00845212247776006	0.082789348931944	0.013915965444545098	0.108913588493607
20	500	-71254243.2779309	0.009641250732220108	0.110718001539574	-71254153.7518311	0.005199714159218938	0.0852332187979683	0.008348898731119991	0.110714276240509
20	500	-71374841.5811578	0.06844578620381692	0.129748483592198	-71374829.5825428	0.0010474829355229254	0.0898871076112123	0.07002912804745609	0.129748748210329
20	500	-71411126.1629201	0.0764023915978359	0.109553431426315	-71410943.2752553	0.009871850891623901	0.0719351794179746	0.05254386134207989	0.109534619403263
20	500	-71318311.8522965	0.033892805389675096	0.112405039950531	-71318011.6033498	0.013996807287998014	0.0911686316789014	0.01960219697279908	0.112452807014049
20	500	-71279317.345287	0.014945403462658047	0.112036886674124	-71279141.1128616	0.008090476588001994	0.0874862184671151	0.010752611792664069	0.112036113506161
