count	scale	lnl0	sel0	loc0	lnl1	sel1_0	loc1_0	sel1_1	loc1_1
20	0.25	-152413118.765331	0.0114147441976562	0.0912959083829953	-152413111.094853	0.0101331996309452	0.0912883630125919	0.00178984240185553	0.101762790300372
20	0.25	-152562370.213993	0.00878305282043157	0.0973099256608581	-152562370.241727	0.00885247180746096	0.0973096929377204	7.17193007704342e-06	0.115771741742433
20	0.25	-152530234.506775	0.00879809925111041	0.0841034157756278	-152530234.527588	0.00877048388220791	0.0841027315648004	4.42256688226728e-06	0.0992267703038485
20	0.25	-152521479.878041	0.00949209219031077	0.0881238031407849	-152521452.950924	0.00848905862234817	0.0881333391965477	0.00298926402033062	0.115862014875288
20	0.25	-152632768.290822	0.00710089636801192	0.0885225514275303	-152632764.644197	0.00610845406802618	0.0885197807980136	0.00151208311386719	0.0983919110537702
20	0.25	-152463136.635402	0.00833214892166956	0.0896249384856805	-152463129.699088	0.00731853396188786	0.0896220163830734	0.00162929633090236	0.0991251003505296
20	0.25	-152541795.049738	0.0120448113953924	0.0911558691489156	-152541788.597351	0.0108850615807563	0.0909712520946884	0.00173214873619687	0.103582025167858
20	0.25	-152492126.656558	0.00914393871057761	0.0895480143859634	-152492103.277527	0.00768213814448793	0.0892570275105085	0.00291862389762487	0.108205624979881
20	0.25	-152531956.203177	0.00858925649523756	0.0920568680658397	-152531955.888861	0.00841920314704026	0.0920547876978368	0.00033509128869591	0.110739241549913
20	0.25	-152532993.951776	0.0105533117693244	0.0955276082896624	-152532977.416689	0.00931862881021306	0.0953118071970052	0.00241846920447508	0.112846066486376
20	0.25	-152521905.707937	0.00882667214071786	0.0896840239828357	-152521899.714009	0.00787399980969239	0.0895966213023756	0.00168191115626581	0.10052486055564
20	0.25	-152616313.96295	0.0135831124448854	0.0850101731621282	-152616286.498083	0.0125329111157639	0.0850136192929385	0.00287796426268039	0.110977450943237
20	0.25	-152468911.706991	0.00870601924239744	0.0905300588374292	-152468911.713396	0.0087860917064887	0.0905691548615183	7.01949061201468e-05	0.101871501375681
20	0.25	-152493266.546664	0.00886086114181706	0.0916409415389197	-152493266.592527	0.00866618819664777	0.0915950391158393	3.75500074845103e-06	0.102592585205887
20	0.25	-152575790.486919	0.00961049330412933	0.0891932707250961	-152575789.617554	0.00942172137686081	0.0891971663676785	0.000354828314209077	0.101395769515349
20	0.25	-152452421.721256	0.00954070003556406	0.0876305164547705	-152452421.3469	0.0093367217784196	0.0876208608701787	0.000494752646950758	0.0999149287807659
20	0.25	-152445946.414047	0.00875273315257097	0.0937476755141059	-152445946.473705	0.0087323964269338	0.0937501677735836	7.31013536836578e-06	0.104502395371636
20	0.25	-152512904.230196	0.00909683063556199	0.0850186695609912	-152512904.335224	0.00914220270537591	0.0850077044858624	3.56221817128244e-05	0.0960790676840657
20	0.25	-152475915.104713	0.0137035747264748	0.0895282525293621	-152475881.292726	0.0120369046883327	0.0894207490822109	0.00346198940235476	0.118993217803856
20	0.25	-152463017.260958	0.00832283080063112	0.0928892050546357	-152463017.267351	0.00830956528615534	0.0928910748667963	5.62928650138517e-07	0.107204261108437
20	0.1	-152543521.32408	0.00988127066770139	0.0883270594519966	-152543515.541444	0.00900483466969149	0.0883428678923495	0.00158189918154261	0.102767213080296
20	0.1	-152609705.105639	0.00993400913675524	0.0873700533257583	-152609703.62155	0.00981415565364263	0.0873697730381741	0.000639475074542539	0.116319524970093
20	0.1	-152472565.605935	0.010903028801197	0.0902060859956314	-152472560.506311	0.0106377374557096	0.0902080415277009	0.00131779359914508	0.117899167593669
20	0.1	-152425718.925077	0.0102826321404867	0.0909203359982021	-152425712.562537	0.00951485771817329	0.0909247244180468	0.00154840012928537	0.10987101103818
20	0.1	-152502817.352591	0.00798345764981301	0.0902589496886776	-152502817.382622	0.00794089575028978	0.0902602200719827	5.20885209431832e-06	0.103960130735339
20	0.1	-152486001.928748	0.00927784856561764	0.0895928997066839	-152485999.82802	0.00908482708723146	0.0895852251470324	0.000924764785954157	0.124941559931304
20	0.1	-152513773.239615	0.0117462022089363	0.0925254552062769	-152513773.129059	0.0116339803197514	0.0924478022551707	0.000240330962659185	0.111513305288879
20	0.1	-152497661.741854	0.0104201389242931	0.0894334982851321	-152497661.872241	0.0103623615687641	0.0894150236281959	1.85071318348218e-06	0.0997826024600219
20	0.1	-152497947.4972	0.00847701607829909	0.0912756369308945	-152497947.503247	0.00851232585715567	0.0912746350032007	3.01130846036557e-07	0.104315744471773
20	0.1	-152536695.246277	0.0105695326517203	0.0897438376513721	-152536684.422246	0.0103342764591616	0.089743375795334	0.00186630024405698	0.122792250328043
20	0.1	-152482714.161959	0.00973027078450628	0.0901272798158653	-152482710.617941	0.00932444930464349	0.0901340389441266	0.000833643953156216	0.111824164329259
20	0.1	-152430379.923617	0.00792105198446535	0.0894842297139	-152430374.346496	0.00749539701672042	0.0894851312033017	0.00135990807361774	0.116813096227943
20	0.1	-152381143.592735	0.0075597657189943	0.0901022932498494	-152381138.649403	0.00724774735680389	0.090100558329976	0.00110693399538964	0.104363496441655
20	0.1	-152560475.421899	0.00860457399927705	0.0887594327326795	-152560469.085256	0.0085247778673907	0.088763088034629	0.00156256913646824	0.11899798858067
20	0.1	-152355174.206605	0.00706872867902675	0.0899323428915593	-152355173.892673	0.0070837930319696	0.0899355430702815	0.000290523605628534	0.123270243984372
20	0.1	-152514204.190133	0.00928612992253586	0.0909822008203434	-152514204.272505	0.0091706693375001	0.0909391834202732	1.15450094172465e-05	0.100946314689747
20	0.1	-152476840.027066	0.00645106925284933	0.0896590672875246	-152476840.048228	0.00646830968768686	0.0896589616201706	1.59985566927645e-06	0.112427465928918
20	0.1	-152588486.840302	0.0100666884444116	0.0886162046354639	-152588477.707305	0.00990375321696668	0.0886148259028201	0.00115171062716357	0.127744108960112
20	0.1	-152557752.402263	0.0099174313894228	0.0916280163030555	-152557752.020331	0.0100689703353064	0.0916298710345121	0.000647120804251777	0.121556912009392
20	0.1	-152548331.851824	0.00864771432510825	0.0893962593023573	-152548331.953449	0.00876225117010354	0.089391979072487	1.69190540999509e-06	0.100158748252604
20	0.5	-152476922.033415	0.0106667450055278	0.0907974138882457	-152476906.386931	0.0100452059982094	0.0908019090469611	0.0020228877466959	0.116006802037078
20	0.5	-152436006.346061	0.0101998426720168	0.0901171371750869	-152436005.736079	0.00984555381971541	0.0901183517297616	0.000654525691217378	0.100041990388294
20	0.5	-152511031.481271	0.0124367687078346	0.0897532231276082	-152511007.715804	0.0111429258546633	0.089732649619052	0.00269797085202828	0.106628626830606
20	0.5	-152476840.056174	0.00758161042024952	0.0833052093821265	-152476840.08429	0.00759316844660907	0.0833018608615818	3.55334157818854e-05	0.0907178323638913
20	0.5	-152482098.36677	0.00700918506197967	0.0895917395750874	-152482098.462016	0.00707266633018433	0.0895890454092085	9.39658340914917e-06	0.0996123501735561
20	0.5	-152591246.295231	0.0111920033687243	0.0954901349435375	-152591245.282483	0.0108482209138541	0.0954763217654685	0.000734106095093057	0.113625556368863
20	0.5	-152401237.850688	0.00918417947361627	0.0936550345591594	-152401237.857073	0.00916709241937597	0.0936551290012541	1.60582735109216e-07	0.10130439437964
20	0.5	-152559575.925716	0.0147028246734967	0.0854144635728454	-152559561.286729	0.0123088472392809	0.0837081817209021	0.00327174225186611	0.0998014846052942
20	0.5	-152537349.411625	0.00728226274914723	0.0803604021446193	-152537349.513032	0.00741055591097572	0.0803642628014753	4.49824366022256e-05	0.0917638927459762
20	0.5	-152474872.493434	0.00887013418470151	0.0937095156857231	-152474868.430709	0.00842412886634658	0.0937110079447089	0.00120647153774223	0.107939107126696
20	0.5	-152572321.53033	0.0101192588422282	0.086794076145194	-152572321.635455	0.010272459210057	0.0867905228443214	6.60239316019329e-06	0.0968552493062043
20	0.5	-152563748.228159	0.0096708452157549	0.0867098794098207	-152563742.29759	0.0092586994142424	0.0867119214519518	0.00110516698338281	0.115729373923273
20	0.5	-152553009.860807	0.00700946534486346	0.0886314325648405	-152553009.959225	0.00701035546943252	0.088651161653855	1.31866764339073e-05	0.128697544974155
20	0.5	-152421611.408351	0.00601499382034054	0.0881465974705313	-152421610.886513	0.00595967858878399	0.0881493376636533	0.000368692026803341	0.113579034520802
20	0.5	-152514045.768999	0.0107794663948084	0.0891218006721844	-152514043.193364	0.0103434616601722	0.0891221073461626	0.00078349457205773	0.102430134933261
20	0.5	-152473947.494356	0.00887695520032727	0.0886018074835608	-152473933.197459	0.00768489953310603	0.0883792637590007	0.00219183332600537	0.0994942942654238
20	0.5	-152545509.37293	0.0107249749865458	0.088149292834961	-152545504.158512	0.00982285048774723	0.0882813496028823	0.00161807018865368	0.101778731703498
20	0.5	-152379919.365601	0.0105870133829222	0.0952528920885614	-152379911.864202	0.00973735331749614	0.0951521408168125	0.00140520364214203	0.108353804190896
20	0.5	-152407380.425835	0.00748355102930842	0.0898547352015576	-152407380.554804	0.0075231606799967	0.0898666495341739	2.26432562850931e-05	0.0996898786665009
20	0.5	-152535958.311446	0.00817027183873031	0.0921768707690816	-152535957.034053	0.00788434541660976	0.0921732577026188	0.000642793604209713	0.101198047695549
20	0.75	-152556114.992247	0.00832007921264932	0.107678686332725	-152556114.978234	0.00832249163459764	0.107677756048119	1.48788946086054e-06	0.113659269103634
20	0.75	-152462014.267347	0.00979966974231194	0.0815467523277811	-152462008.058736	0.0090493848205131	0.081422125782644	0.00129442568740679	0.100852184860186
20	0.75	-152505729.059368	0.00980436007136687	0.108074483295104	-152505725.928082	0.00918831390508679	0.108074334650841	0.000997433464628217	0.121844473832904
20	0.75	-152498099.019691	0.00922643956042646	0.0948829743337764	-152498099.006401	0.00926527679995237	0.0948783893187012	2.00637716341046e-06	0.113248713285771
20	0.75	-152507056.939737	0.00937957902628361	0.0960304663798959	-152507053.643206	0.00887893983521726	0.0960317707776826	0.00116218443100236	0.112905041612344
20	0.75	-152429314.67331	0.0104482689971975	0.0948756807580017	-152429314.868312	0.0105499807285239	0.0949238051308078	2.00965436376599e-05	0.106547911547861
20	0.75	-152584789.970599	0.00893362383353236	0.0879050972237958	-152584785.9812	0.0084071082745335	0.0878948926941002	0.00122075436100322	0.103781959353384
20	0.75	-152455906.926745	0.00781276048052282	0.102954264298747	-152455884.377346	0.00695865739228674	0.102839197005199	0.00283878431624374	0.135318721470227
20	0.75	-152595449.419095	0.013193600808304	0.0862388365380023	-152595449.444183	0.0132452632708223	0.0862390324395022	1.73450100804384e-06	0.0990257746014813
20	0.75	-152470967.750296	0.00877393074545429	0.0888109240183353	-152470958.887691	0.0081581013270231	0.0888077291855161	0.00160259192100487	0.109874277909615
20	0.75	-152515866.092168	0.00832998661238105	0.0871568269466096	-152515864.071709	0.00807509932954853	0.0871008743899744	0.000376939574255997	0.114974846980628
20	0.75	-152557227.26059	0.00966308717695097	0.0813493420009462	-152557219.038421	0.00877253241458142	0.0814467654347791	0.00171884353248453	0.0941985105707789
20	0.75	-152489317.702119	0.008260590252813	0.0879612995273367	-152489299.824311	0.00775532695920111	0.0879099646891105	0.0025149895264307	0.117706958911794
20	0.75	-152507070.443829	0.0093489664709846	0.0919848758005114	-152507070.580704	0.009166989836492	0.0919843250072895	1.99394568578537e-06	0.10144294637474
20	0.75	-152479694.74522	0.0109368319620333	0.078820180817279	-152479686.252842	0.0105857722690532	0.0788196035556203	0.00148376001249151	0.121687051121131
20	0.75	-152502929.240979	0.0079604975099492	0.0728538790863395	-152502929.243816	0.00802701488641766	0.072861133791502	3.50480005351095e-07	0.0836945699705717
20	0.75	-152513016.436156	0.0093374272382688	0.0782919111378884	-152513016.424257	0.00925301868809447	0.0782894686182629	1.85050082723848e-06	0.0891416359366369
20	0.75	-152517241.522118	0.00897125419668621	0.0901401776803211	-152517241.517341	0.00893349476891458	0.0901401872836377	3.88019115349358e-06	0.117285499907256
20	0.75	-152414786.244683	0.00947364500648884	0.0859569616929199	-152414786.263159	0.00945581382949112	0.0859572949256413	1.25982721369544e-05	0.100949838752042
20	0.75	-152555240.227403	0.00822597829387073	0.0788844858858894	-152555240.229436	0.00827335474386304	0.078883806216858	6.4439853564302e-07	0.0878306159280044
