count	scale	lnl0	sel0	loc0	lnl1	sel1_0	loc1_0	sel1_1	loc1_1
20	0.8	-152347716.711363	0.0065537063041603	0.0721608410894936	-152347715.893178	0.00648794613560932	0.0721630964514	0.000402157373464385	0.103862905215595
20	0.8	-152535090.180528	0.0106905558310639	0.0719609473094647	-152535087.856921	0.00992151658958929	0.0719614312177568	0.00107770114633909	0.0858687346449918
20	0.8	-152529821.897248	0.00925123179504328	0.0717608946358358	-152529821.876489	0.00940616424867358	0.071760984246045	1.37772743191711e-06	0.0934198099416171
20	0.8	-152569373.572118	0.00985224264340756	0.0721489992571966	-152569373.552141	0.00964886580583024	0.0721497036191486	0.000151760445026072	0.0804055153457827
20	0.8	-152489968.547227	0.0102571972837096	0.0721380687727996	-152489944.868528	0.00881666805984516	0.0721427335501494	0.00293016202854668	0.0880877447519603
20	0.8	-152452648.765913	0.00864085525095837	0.0720438996738319	-152452643.29376	0.00771150825274225	0.0715321279912631	0.00186769720799729	0.0800268806356878
20	0.8	-152524493.399607	0.0105856700858381	0.0719598802592064	-152524488.936521	0.0100767598650259	0.0719604829441899	0.00115778023838298	0.089378136903648
20	0.8	-152504041.765708	0.0101706944671621	0.0720654079933978	-152504041.84543	0.010066224267176	0.0720702775478261	4.52865554466664e-05	0.088671548182521
20	0.8	-152440926.809951	0.00831187759084862	0.0715698675456999	-152440918.579139	0.00801331681447959	0.0715676424801615	0.00168431872147068	0.0912621755717652
20	0.8	-152460224.551314	0.0118442146157043	0.0720905975912614	-152460224.604572	0.0119217406777675	0.0720800911464866	5.06257651778919e-05	0.0817280631420615
20	0.8	-152531877.803143	0.00938399220131581	0.0715325694001849	-152531862.685	0.00780641197167975	0.0714508751692761	0.00256937783481703	0.0807773736482421
20	0.8	-152438777.271125	0.00778364656993846	0.0720686225322634	-152438777.237272	0.007602161633254	0.0720931147578149	0.000276645841129963	0.084670382433808
20	0.8	-152574189.915264	0.00929916516148699	0.0720627522308957	-152574184.161742	0.00877060824217024	0.0720657725978789	0.00138167936373945	0.0875506608502792
20	0.8	-152436519.000821	0.0107001777605654	0.0720687849349587	-152436509.921857	0.00989721495012319	0.0720766391538301	0.0012165375455524	0.100329283396433
20	0.8	-152381672.523511	0.0105302166227326	0.0720524997405091	-152381642.455124	0.009620754438736	0.0720543911129018	0.00303948081747418	0.10302879148074
20	0.8	-152486959.511705	0.00896783143166979	0.0718698041422421	-152486959.579216	0.00906236174400898	0.0717680271207487	7.99328586986725e-07	0.0811626923596999
20	0.8	-152493882.849694	0.00942668005816705	0.0705156846378766	-152493866.717925	0.00886390519404556	0.0704737301631994	0.00210588761179131	0.103997898021517
20	0.8	-152416100.879603	0.00891446534841089	0.072153104210498	-152416100.919565	0.00885101402434418	0.0721529406781013	2.52318009463792e-06	0.0811176011124141
20	0.8	-152550545.033587	0.00933918939297029	0.0720613043415184	-152550545.051449	0.0093826922622644	0.0720609591428946	1.61964931266745e-06	0.0860767800979819
20	0.8	-152491698.347337	0.00954141398172859	0.0720779947935495	-152491690.199326	0.00909956483434793	0.0721471022648847	0.00170120439481158	0.100527616925385
20	0.5	-152534832.478461	0.012217348533649	0.0450211337329735	-152534788.963809	0.00981586507598708	0.0449773706041743	0.00399193633845463	0.0601385022544882
20	0.5	-152481036.613435	0.00875722021962033	0.0450331339528457	-152481028.594775	0.00783002156214263	0.0450349185650855	0.00158451444658425	0.0582881585682207
20	0.5	-152510039.266122	0.00868462800497172	0.0450312456007964	-152510023.189993	0.00799780338248546	0.0450411802889251	0.00216120193055203	0.0646236927441708
20	0.5	-152561350.884935	0.00833349695031627	0.0452773397567763	-152561350.592977	0.00825849010993662	0.0452790133548909	0.00030137020978227	0.06075205276555
20	0.5	-152558632.477799	0.0101644965606222	0.0450358787636725	-152558593.099096	0.00854178237620606	0.0450972304787699	0.00355231999157124	0.0639555612449912
20	0.5	-152515162.059233	0.00932268442961193	0.0450359775264526	-152515162.067213	0.00925913224778485	0.0450392956900557	5.98887662350833e-07	0.0514475420973649
20	0.5	-152547940.704498	0.00885990656527613	0.0450259406480847	-152547931.025664	0.00770111992055966	0.0450242498166122	0.00184568416693842	0.0561772641461052
20	0.5	-152624697.369253	0.0095011940740154	0.0450933478034072	-152624695.383971	0.00901908599386025	0.0450913924088521	0.00105202921471836	0.059247590747772
20	0.5	-152591632.241705	0.0105970619515885	0.0450225588516169	-152591632.298208	0.0104256787001217	0.0450086453210788	4.44188364809861e-05	0.0523158784593608
20	0.5	-152569824.090439	0.0103071268535214	0.0450212458576997	-152569774.094779	0.00855690070748449	0.0449462545153721	0.00384734976204804	0.064452193054508
20	0.5	-152400308.790865	0.00904107706977986	0.0450889092746471	-152400306.112283	0.00811071513560691	0.0450896000296818	0.00132953235541544	0.052853431480193
20	0.5	-152558265.01469	0.0100287329543601	0.0450885049916497	-152558256.835427	0.00941429671985994	0.0450894100836795	0.00166139376952823	0.062946702688232
20	0.5	-152551977.057603	0.0115711403383524	0.0450352331932019	-152551949.344511	0.00988668934966297	0.0450338919901235	0.0030573219578035	0.0625925420231238
20	0.5	-152521405.726267	0.0101438508120705	0.0450498688399564	-152521405.396457	0.0102658990084673	0.0450537992328187	0.000323681670901355	0.0583570612429596
20	0.5	-152500682.063088	0.0111191490386587	0.0450356026307838	-152500671.522281	0.0100286029918777	0.0449750749949032	0.00191286095117738	0.0587152325989221
20	0.5	-152522297.524867	0.00985608473056365	0.0450362223414326	-152522280.192293	0.00830096975210737	0.0450738280036341	0.00249367185452065	0.0575314929688905
20	0.5	-152522752.398681	0.0106818227610084	0.0451726051558312	-152522749.333252	0.010256028380153	0.0451745984671312	0.00104414701010158	0.0636459910117837
20	0.5	-152525550.428064	0.00810323102336807	0.0448102505322077	-152525542.92441	0.00735549507391975	0.0448026394761189	0.00170021456748626	0.0642380070393563
20	0.5	-152435725.459117	0.0100405851986165	0.0452407785015004	-152435715.58398	0.00904219162913877	0.0452053985769808	0.00169768133290593	0.0644597114504483
20	0.5	-152521288.74994	0.0105460111456702	0.0450494760964435	-152521279.489422	0.00965885101569286	0.0450556396896637	0.00163307522852074	0.0608253521018309
20	2	-152401922.784805	0.00841902086476709	0.180191630663665	-152401922.793889	0.00839420122313494	0.180190125507053	7.59837305408517e-07	0.206908256415403
20	2	-152441559.44603	0.0114747377067402	0.180019945418685	-152441559.473401	0.0114252391112416	0.180030787811772	3.07588664860692e-06	0.201714052082794
20	2	-152507000.286682	0.010311282201688	0.180402772845583	-152507000.295307	0.0103505161518707	0.180400252804819	1.25240502557578e-06	0.200435961776502
20	2	-152417984.289281	0.0117976962671623	0.179265780765055	-152417984.285504	0.0117666815320816	0.179265272055201	4.03131250192867e-06	0.200825079996356
20	2	-152464655.732967	0.0145491235918705	0.180093506898772	-152464655.782263	0.0146324366679987	0.180093516602377	1.9151200139067e-06	0.217350848375413
20	2	-152412971.499416	0.0117585402560427	0.180091388326287	-152412956.426218	0.0104848047900454	0.1800979795797	0.00235232728852175	0.200051404439087
20	2	-152629555.292366	0.01685686513375	0.17926768961398	-152629554.089881	0.0165313876545984	0.179268344005158	0.000884206116239961	0.200630414998729
20	2	-152419779.878032	0.0131506609583145	0.180715976503417	-152419778.115435	0.0127784787524149	0.180714560744979	0.000970421096309848	0.20308410347464
20	2	-152535568.549225	0.0154912946830953	0.179265174247201	-152535568.250051	0.0151564199436691	0.179265097124007	0.000446686018737985	0.200010290612679
20	2	-152508725.569517	0.0122622586553121	0.180093337345632	-152508725.615419	0.0123299502004143	0.180090808914258	3.05202398076521e-06	0.207943468566696
20	2	-152402799.384258	0.0107618438115429	0.180115642657948	-152402799.399313	0.0107320597188237	0.180110973534143	3.1512271736478e-06	0.200559615936233
20	2	-152556949.36938	0.0110817128846007	0.180158469102995	-152556949.390979	0.0111425345934654	0.180156627849042	8.15859261471541e-06	0.20133180203998
20	2	-152418116.568251	0.0107192661214917	0.178906875790536	-152418116.545781	0.0107397401618796	0.178909530664791	1.59842609148697e-08	0.206955789650558
20	2	-152498725.714872	0.0132497656498887	0.180991572144083	-152498718.8224	0.012150786222064	0.180992648506752	0.00169953846322612	0.200009016621105
20	2	-152516046.739774	0.0112931682430143	0.180090861069299	-152516044.250492	0.0109507731769968	0.180088529203578	0.000913976279306228	0.200008756228611
20	2	-152522970.277685	0.0108845831837678	0.179264867087727	-152522956.131622	0.00976113031244552	0.179096646944257	0.00265345443282972	0.20005568043796
20	2	-152491707.492456	0.0108826603037607	0.180119434594158	-152491707.493812	0.0108468228639887	0.180125431736155	1.77034325211656e-05	0.200832243428978
20	2	-152553191.994834	0.011191045428146	0.18034397780769	-152553189.358956	0.0108814004558859	0.180339166729797	0.0012319954151162	0.207811965634254
20	2	-152481301.729318	0.011594160891838	0.180119037046717	-152481301.74828	0.0116248996839805	0.180119119944319	1.24697992065492e-06	0.200754959134093
20	2	-152500054.934378	0.011959895255554	0.180116042733315	-152500054.954877	0.0118117009422415	0.180126493733494	2.69095933125296e-06	0.204120790270333
20	1.2	-152475837.321559	0.0104936952910719	0.108102645778134	-152475837.359941	0.010744606442723	0.108096841170296	1.85345282965876e-06	0.129770060879208
20	1.2	-152508140.464198	0.00814151053486012	0.10811313838479	-152508129.766939	0.00767883739076447	0.10811413511238	0.0010669594330639	0.154015187814759
20	1.2	-152435505.422961	0.0104448354069514	0.107640530084961	-152435505.236596	0.0103131672236616	0.107640921770743	0.000286106676060993	0.121335213694245
20	1.2	-152553334.428238	0.00710375766166038	0.107940254215943	-152553334.720022	0.00713954363201585	0.107953526478922	0.000258224552412534	0.130536085581378
20	1.2	-152534634.722986	0.0091065756886074	0.1081172810912	-152534634.71322	0.00909681019502107	0.108115312714195	3.16104669773054e-06	0.125054016225976
20	1.2	-152390436.391365	0.0118364038309591	0.107624697826117	-152390436.510106	0.0120612861118791	0.107621675742052	9.52708224422061e-07	0.127917326625356
20	1.2	-152496809.485401	0.00900459787779728	0.108661203841192	-152496809.543167	0.00886104895329953	0.108662071196709	2.98570794532438e-06	0.120397537267051
20	1.2	-152525225.885489	0.00904031358520396	0.10714672997996	-152525225.948624	0.00916672386681294	0.107150522615539	1.15961779512119e-07	0.120262246532639
20	1.2	-152547176.145052	0.00967009144390518	0.107628550840387	-152547175.206455	0.00927712679697379	0.107628214573737	0.000758433587857654	0.124722446222005
20	1.2	-152412441.799142	0.00728881733352504	0.108241839542509	-152412441.837483	0.00712363114148951	0.108242594412491	4.80843313743762e-06	0.120474168048129
20	1.2	-152512070.913463	0.00774310915248555	0.108429211022483	-152512070.830706	0.00762840944753707	0.108418626760888	0.000227773585094848	0.131494580550947
20	1.2	-152462621.20713	0.0103345921497914	0.107867008125438	-152462621.156887	0.0104274807239004	0.107869238512512	3.08071435917157e-06	0.132107073940927
20	1.2	-152453801.04007	0.0120248412794953	0.108065704608571	-152453792.076109	0.0107446638056091	0.108079659369123	0.00196583013063678	0.121273470161195
20	1.2	-152543653.505998	0.00914694126710491	0.108215412992598	-152543639.946919	0.00847221890865069	0.108227126365018	0.00227296126828114	0.12987958907328
20	1.2	-152488272.211791	0.0103690796899972	0.108112939299366	-152488259.45066	0.00951008326722147	0.108114178671893	0.00190455166350179	0.128412444322714
20	1.2	-152374048.284648	0.0124659167853046	0.108078958953517	-152374042.52259	0.0106885212997755	0.108143828533102	0.00155687886865985	0.120048601683316
20	1.2	-152427783.412321	0.00935965733124577	0.108079870747729	-152427774.17958	0.00873215916889958	0.107644289761472	0.00182402815502636	0.12899153601931
20	1.2	-152499407.307427	0.00967485570695858	0.107940060544154	-152499407.479425	0.00978673268700359	0.107941790631351	9.89733730583087e-06	0.120861338767377
20	1.2	-152513120.28195	0.00986260606322209	0.108666671354018	-152513107.807278	0.00913113684818612	0.108666446582834	0.00214821738584969	0.131136674757266
20	1.2	-152483241.480129	0.00801920373539822	0.108238603929262	-152483241.487071	0.00790893477381416	0.108241709368315	3.35923499306112e-06	0.125092799718722
