count	scale	lnl0	sel0	loc0	lnl1	sel1_0	loc1_0	sel1_1	loc1_1
20	0.8	-152534154.650056	0.0153193315626137	0.0722863338648452	-152533971.277327	0.0101477101084311	0.0721477941797293	0.00806384598701104	0.0881599016423082
20	0.8	-152447171.502137	0.015930211551284	0.072036306053903	-152446964.759443	0.00987663298855912	0.0715729461629578	0.00878352972810104	0.0880902313578071
20	0.8	-152530487.652385	0.0144557747216386	0.0880719570710762	-152530282.662837	0.00919833613719268	0.0720668677580259	0.00895529679758589	0.0883558150367479
20	0.8	-152529068.408842	0.0149068710382583	0.0721346124917443	-152528856.079607	0.00947765610091822	0.0720799918959958	0.00885244474148372	0.0884788779446462
20	0.8	-152495126.637262	0.0149236629598157	0.0720348561582637	-152494914.635787	0.00919200287866462	0.0718984292364839	0.00886403763005128	0.0881330053010949
20	0.8	-152520660.380681	0.0155995838148912	0.0721335725532994	-152520474.544598	0.0100397447239878	0.0720769559532561	0.00834156866562896	0.0880920123811344
20	0.8	-152504206.549495	0.0147423239598595	0.0721226112479449	-152503997.399078	0.00921119109993473	0.0720856523134982	0.00858666676207287	0.0881186946083665
20	0.8	-152564693.909337	0.0142283306405664	0.0720536724316332	-152564572.848044	0.0100140667927744	0.0720757599753032	0.00648256106978351	0.0879887669841192
20	0.8	-152520402.771567	0.0179825858888063	0.0720352522164513	-152520158.619428	0.010281062689097	0.0717610022051637	0.00975841074881012	0.0878777108790103
20	0.8	-152533950.152422	0.0183355888497827	0.0720353413228662	-152533746.447658	0.0111403724177503	0.0719966208897554	0.00881909846171092	0.0880961137543651
20	0.8	-152485583.648641	0.0148026665778992	0.0720349854496656	-152485394.229917	0.00983463528045914	0.071960862035279	0.0079623355413726	0.0876822909763248
20	0.8	-152549995.580356	0.0138808544852339	0.0881726573416703	-152549779.254992	0.0091320889698272	0.0720768332231863	0.00886640002962724	0.0882377583709852
20	0.8	-152581754.447828	0.0155717692166181	0.0725479455610934	-152581556.413518	0.0100628882303666	0.0720597229157034	0.00840933094570329	0.088128819230618
20	0.8	-152531722.017609	0.0114141713293451	0.0881716046619829	-152531573.782983	0.00737484274663147	0.0721650024610059	0.00785832564224953	0.0881340449972322
20	0.8	-152560678.736491	0.0174540409760329	0.0723956754079337	-152560522.608534	0.0116427303909465	0.0721464600064022	0.00763029154581663	0.0883034622406374
20	0.8	-152584234.312921	0.0175865001595648	0.0720348796579181	-152584048.848517	0.0109597378754113	0.0720578097249765	0.00828458694800327	0.0880945716350148
20	0.8	-152650770.244504	0.0179626726305993	0.0722863982469575	-152650532.821458	0.0107007791998267	0.0721572941071237	0.00983790316735766	0.0881983202144948
20	0.8	-152517911.503097	0.0118128568762829	0.0880705934788493	-152517743.223878	0.00769986541758849	0.0721569861487961	0.00785685815710102	0.0878862529844612
20	0.8	-152542399.642398	0.0170910446146841	0.0880689983831852	-152542178.461861	0.00963907105219752	0.0720625325242984	0.0104442694911324	0.0878887679710387
20	0.8	-152541872.460113	0.0147608105706896	0.072040467952442	-152541681.413814	0.0093796319758418	0.0720673896683012	0.00819633218570637	0.0881237887729553
20	0.5	-152613831.466318	0.0153102872263275	0.0450251513040295	-152613680.929674	0.00862711272410055	0.0449760765553932	0.00802485993201796	0.0550605212457542
20	0.5	-152475872.49555	0.0156194142387334	0.0550463262721369	-152475735.514642	0.00804113557839137	0.0449746920000295	0.00929512408131317	0.0551664445607307
20	0.5	-152478123.298432	0.0168278351185002	0.0550711975484141	-152477978.529146	0.00829124983467844	0.0448161627730864	0.00952438519324061	0.0551545623299804
20	0.5	-152567981.813025	0.0154070674499309	0.0550428134784242	-152567835.919937	0.00811580544225454	0.0450489583430899	0.00897598736787508	0.0549963116169183
20	0.5	-152480109.208449	0.0133701083680722	0.0452022927135844	-152480000.457266	0.00850632478747815	0.0451035284832368	0.00639965938484788	0.0550784149157041
20	0.5	-152474077.301849	0.0108746456582635	0.055059936301506	-152473975.237808	0.00638624820475375	0.0450994585645113	0.0068826302277325	0.055060255882278
20	0.5	-152456385.553987	0.0131060570738879	0.0551397191816958	-152456289.580184	0.00615779420399565	0.0449287469021271	0.00865296123386872	0.0551447656365001
20	0.5	-152548521.059703	0.0129947723854771	0.0450310533990257	-152548409.695841	0.00790071538171067	0.0450468526736031	0.00665909056349034	0.0551500930573865
20	0.5	-152559004.90688	0.0133342701159969	0.0550507439027408	-152558862.44945	0.00770646657777396	0.0449309627829542	0.00778895931930801	0.0550701371026326
20	0.5	-152422276.111604	0.0155057966804757	0.0452482037373781	-152422127.040431	0.00850911921132724	0.0451053044201863	0.00805806220459637	0.0550604942917411
20	0.5	-152516879.739709	0.0147487220318366	0.0455827508313012	-152516724.557278	0.00838624033742386	0.0450491079290267	0.00800588637530675	0.0551566083531148
20	0.5	-152456595.953198	0.0133446554123592	0.0551376031218925	-152456481.454714	0.00696610278459575	0.0451017688179915	0.00851138243322336	0.0551433230620231
20	0.5	-152467881.038264	0.0147057466945598	0.045028699276983	-152467783.093823	0.00936876916083884	0.045031443690005	0.00639099836164647	0.055237485974435
20	0.5	-152571246.674678	0.0137946301399864	0.0550437700191834	-152571132.109747	0.00681153032027182	0.0451026681106299	0.00864147425270712	0.0550504464198907
20	0.5	-152548499.099273	0.0163832247707875	0.0450276059366532	-152548364.256384	0.00966688389385451	0.0450381084528237	0.00751279159176999	0.0548853904662107
20	0.5	-152541654.722654	0.0144597821994497	0.0550661400620564	-152541531.696078	0.00703719953574145	0.0450449814942428	0.00897115833211226	0.0550629351177378
20	0.5	-152620519.984713	0.0140719015066156	0.0450836279391979	-152620375.477423	0.00814258702570392	0.04504863016168	0.00774930980543276	0.0551509445774316
20	0.5	-152493655.41641	0.0132791944194309	0.0550652944451502	-152493543.418974	0.00671650208690144	0.0450500859420928	0.00829820689011418	0.0551474451160965
20	0.5	-152543357.030113	0.0143755019641125	0.0541438891739387	-152543250.436457	0.00714798773978187	0.0450395284999608	0.00945570669946805	0.0550870349728081
20	0.5	-152568362.773776	0.0151967467345275	0.0551073970926743	-152568224.412715	0.00785593398360651	0.0448530239526666	0.00907619772512613	0.0551173146438721
20	1.2	-152610262.583858	0.0151336061441593	0.132255480137213	-152610033.980186	0.00934993389689476	0.108116814456674	0.0109190169752786	0.13218721527678
20	1.2	-152486707.787166	0.021184767517804	0.132106781468057	-152486468.633715	0.0104152774298693	0.10807450102019	0.0128116111039919	0.132096864332071
20	1.2	-152476277.297143	0.0188509631062035	0.1321066193447	-152476060.188546	0.009561367046096	0.108093187614959	0.0126830520120941	0.132341229718059
20	1.2	-152507576.758545	0.0198979684867989	0.108053972468556	-152507308.850323	0.0123081491249903	0.107626350784965	0.0104103721918124	0.132175301192995
20	1.2	-152512024.619533	0.021951516870463	0.108054594475956	-152511773.638014	0.0134865880631051	0.108205051993758	0.0100330847937738	0.132719949274601
20	1.2	-152556943.36615	0.0129481632527131	0.132113507143113	-152556726.063979	0.00918856442577021	0.107870097675916	0.00935947187772435	0.13213138603234
20	1.2	-152551637.909001	0.013314763043815	0.132105893120127	-152551401.462244	0.00983488643103947	0.108073660470885	0.00937476536446091	0.132157500021744
20	1.2	-152490611.644794	0.0141249839454679	0.13210698296909	-152490424.52999	0.00842138407442117	0.107509227566785	0.010507415505971	0.132330264915987
20	1.2	-152451116.551528	0.0141139492212822	0.13225698445319	-152450881.90193	0.00971059461804491	0.108090893827998	0.010022713602697	0.132299006306816
20	1.2	-152483747.138181	0.0154580249631296	0.132257706552353	-152483515.944494	0.00959299220722465	0.107659129061909	0.0108944374206272	0.132478661268216
20	1.2	-152560334.996461	0.0113948420910311	0.132257624710786	-152560181.195637	0.00745535203793501	0.107350561628428	0.00890658801701572	0.132210749755522
20	1.2	-152431314.130449	0.013024284083462	0.108053266514633	-152431130.825038	0.00971140660610914	0.107855499435604	0.00789595522054676	0.133011657384196
20	1.2	-152553665.194168	0.0133756828135217	0.108821637990065	-152553462.81854	0.00968296680428582	0.108621682103817	0.0084509914842289	0.132154387820621
20	1.2	-152442800.026211	0.0236640968500756	0.130705520073551	-152442553.791268	0.0109689887922532	0.108055058025262	0.0143695698881815	0.132158621429258
20	1.2	-152519988.177739	0.0136287677332304	0.108054121830891	-152519799.605327	0.0102728164216607	0.108084045310237	0.00808141096366022	0.132490782015415
20	1.2	-152504383.535302	0.015427840206696	0.13270604565431	-152504171.404194	0.0092505566648895	0.108062082647641	0.0112118208491818	0.132704538034329
20	1.2	-152540551.558134	0.0190704955661685	0.108053106610493	-152540236.073595	0.0123365348423331	0.107620532374716	0.011041521959446	0.132488138980737
20	1.2	-152419743.433231	0.0205401882920679	0.10805327639046	-152419423.538666	0.0128736864652573	0.108062722132212	0.0115506878019745	0.132253870429875
20	1.2	-152547004.497752	0.0125146066919333	0.132117036210937	-152546780.654115	0.00942288464411589	0.10787512339625	0.00893167435128006	0.132159480411217
20	1.2	-152349097.012707	0.0153687248786241	0.132257150265746	-152348817.36845	0.0106924640028275	0.10810769186761	0.0106150674150637	0.132238092883136
20	2	-152526278.187053	0.0383550095552314	0.182330758847024	-152526056.011101	0.0213646434527121	0.182331230556991	0.0106940581778046	0.220219906367635
20	2	-152524761.092908	0.0332957128215484	0.220178019033561	-152524400.622334	0.0152038125744437	0.17926494475002	0.0202319763665277	0.220182551782637
20	2	-152504596.494564	0.0131999905798257	0.180991949520538	-152504383.61832	0.0110422357530825	0.180714669547664	0.00870916098144681	0.220216494876054
20	2	-152649033.621898	0.0240254854053579	0.218439072804735	-152648759.401833	0.0116932513213895	0.18008982975512	0.0163961536098615	0.218438368611695
20	2	-152518239.959762	0.0237149749597841	0.182330927359458	-152517882.088411	0.0154658066951467	0.182331861760335	0.0130173877805974	0.221177576133888
20	2	-152552080.080754	0.0246324339756566	0.220177751130169	-152551764.079044	0.0130760985429749	0.180993371123716	0.0155652266069227	0.221177199166097
20	2	-152552234.575069	0.030335071530477	0.220177961368562	-152551969.139986	0.0121960773361396	0.180084921631322	0.0171318498158702	0.220177271779462
20	2	-152460446.349245	0.0323684638952708	0.220177909378186	-152460063.919256	0.0153215027491821	0.180992683102734	0.0192479231229031	0.220176460637798
20	2	-152506659.037859	0.0169030573420262	0.180088637050391	-152506394.920027	0.0130006396643149	0.180090881204801	0.0103104874993976	0.220279597297194
20	2	-152503795.220766	0.0324087318698338	0.220177963274609	-152503352.171478	0.0191640434240793	0.180087942405467	0.0169952923482708	0.220172488151589
20	2	-152513510.43756	0.0152488070496443	0.220177345035116	-152513247.202626	0.0105024251297429	0.180333404988952	0.0121780829693487	0.220179808099823
20	2	-152651214.860323	0.0323593883729633	0.220177964183331	-152650789.54228	0.0174134034826937	0.180992812061622	0.0165377591518018	0.220178761772145
20	2	-152459475.210883	0.0217908612505224	0.180087706041488	-152459195.834495	0.0162312209732487	0.180086571471433	0.0104819812074226	0.220268967655486
20	2	-152466907.136644	0.0213316824521367	0.180088694067293	-152466581.265386	0.0147571047606887	0.180088825998548	0.0119987111250031	0.218438567812012
20	2	-152467025.557494	0.0196998816718815	0.219637364673159	-152466795.300627	0.0100308762992217	0.180100786141725	0.0153992193220251	0.219512407958755
20	2	-152514515.224149	0.0330617131219234	0.180716035205718	-152514254.177387	0.0215208004615747	0.180090352675981	0.0106150400488054	0.22023790799185
20	2	-152465897.238083	0.030626739067491	0.220177795173888	-152465586.199109	0.0137705212830913	0.180982084125321	0.0174834035884607	0.220548907944635
20	2	-152532148.892864	0.0167350674345875	0.220177714491483	-152531850.987896	0.0126450415163277	0.182304714782882	0.0122344571709749	0.220192612334849
20	2	-152517734.269038	0.016593538686578	0.180088656752534	-152517452.146523	0.0115129305112865	0.180108768540926	0.00951969736355074	0.220314488415271
20	2	-152481953.854754	0.0326734292448456	0.220177962227854	-152481659.914839	0.0135455224449651	0.180088372331078	0.0185035619691245	0.221177452735621
