count	scale	lnl0	sel0	loc0	lnl1	sel1_0	loc1_0	sel1_1	loc1_1	trueloc1	trueloc2
20	0.25	-152534608.431766	0.0138955522322718	0.107001859524542	-152534452.544485	0.00770297331024028	0.0893907891910473	0.00957117070137259	0.106973319288698	0.08943673822274203	0.10689046968939324
20	0.25	-152511829.913018	0.0138982808372567	0.0954061705152084	-152511647.512184	0.00986356832157242	0.0953247407815161	0.00785739036874677	0.115055720539451	0.09523871191050909	0.11498209982898733
20	0.25	-152514663.267165	0.0143276274211985	0.110886035248592	-152514459.858391	0.00911239928504848	0.0899309719960659	0.00990884221154809	0.110903658535624	0.08998359051761756	0.11027397222165444
20	0.25	-152517262.798925	0.0146697167337364	0.110632757842317	-152517065.326502	0.00881244841434226	0.0902757615672278	0.0096884058872313	0.110403386442652	0.09022989686210531	0.11057494140493507
20	0.25	-152469589.265987	0.01166231105428	0.103976657781678	-152469456.960376	0.0069243939339434	0.0831190029511096	0.0088569568882062	0.10402177501131	0.0835044685759756	0.10389898899100139
20	0.25	-152492193.716288	0.0126023257892868	0.0844283046263625	-152492044.952622	0.00890697097728343	0.0844277401349694	0.00705663867380479	0.102669798785204	0.08440641923014115	0.10295672562688948
20	0.25	-152570169.003112	0.0142755754574265	0.0914498594220128	-152569973.397539	0.00988565986352696	0.0912955223470462	0.00826559498388446	0.111239128745079	0.09094437107576582	0.1110804980741303
20	0.25	-152506223.15791	0.0183332699092557	0.113338479660788	-152505969.508526	0.0104515597594897	0.0918549140447917	0.0111619505135617	0.113395007486307	0.09169437529665414	0.11325861241399193
20	0.25	-152460336.339333	0.0115600011229697	0.0889897328669489	-152460191.421124	0.00867302006536586	0.0889861443631607	0.00686082913755826	0.108313006223929	0.08916799861466107	0.10815945500627315
20	0.25	-152566750.084965	0.0122656054281639	0.0873534005991845	-152566603.479715	0.00902028838089552	0.0870534430092845	0.0068921276983599	0.107462553878791	0.08696837462359645	0.10721378424505126
20	0.25	-152496645.028405	0.0159048249904299	0.112372170642436	-152496394.0535	0.0104683650942702	0.0921218715804772	0.010263967378469	0.112418143220185	0.09207084528005187	0.11229368967297682
20	0.25	-152551309.997183	0.0224006776429614	0.0894321433054593	-152551033.716202	0.0133810459737604	0.0894319220065847	0.0106487447043578	0.110515669657404	0.08941192099486601	0.11024603733287121
20	0.25	-152559817.902755	0.014049672325226	0.0855516714643602	-152559594.109202	0.00927544525293567	0.0851494962427606	0.00885567278734722	0.104470548551831	0.08503949767089532	0.10435195258486323
20	0.25	-152511429.355563	0.0138601569474309	0.108705981961505	-152511287.878773	0.00714570205824294	0.0913485501716902	0.0099276798570892	0.108733159503099	0.09021755477150363	0.10824381564216663
20	0.25	-152452890.434308	0.0126602557774239	0.114139935902495	-152452708.55291	0.0082894721770026	0.0946905309130266	0.00901856580599258	0.114160314446205	0.09349280362579362	0.11405493295414888
20	0.25	-152514918.470251	0.0146927180879249	0.108745714175485	-152514793.009896	0.00678177777756472	0.0896409843555845	0.0107348472001855	0.108962777142628	0.08958884091247596	0.1086774464508196
20	0.25	-152510180.597554	0.0156859237348128	0.0899075571223642	-152509984.522318	0.0108332189420485	0.0897538256265553	0.00824930676591729	0.109504146686828	0.0895545553644192	0.10937131959989148
20	0.25	-152432270.960794	0.0158324830650072	0.104300793124071	-152432125.497138	0.00745900182230474	0.0850090907621842	0.0114907543712713	0.104310379232396	0.08533683855811038	0.10414907684535256
20	0.25	-152509130.325919	0.0125892235956886	0.0851895570172893	-152508948.371442	0.00901965378562763	0.0850439794973502	0.00796333861913412	0.104989966007889	0.08486519240258564	0.10481952387590784
20	0.25	-152533537.047443	0.0138829717613482	0.11150674745801	-152533345.900724	0.00833274474978773	0.0890468343040011	0.0101174170938421	0.111527549502036	0.08899367004456195	0.11142628725456308
20	0.1	-152566438.301813	0.0192547739284616	0.0914794721177225	-152566187.062722	0.0121558095108271	0.0915966016909373	0.00990914104708263	0.111901217716635	0.09145270477447437	0.11162811740872684
20	0.1	-152522505.745046	0.0137128635946343	0.110967383509468	-152522362.661158	0.00727448397643371	0.0910340684218819	0.0103093563097081	0.111468411245961	0.09096705011173903	0.11089368341183857
20	0.1	-152449229.033002	0.0155230335762825	0.110571986893751	-152448973.169337	0.0103026930108542	0.0903658956515571	0.0100252534739647	0.110592970808435	0.09043710488096467	0.11049863355399162
20	0.1	-152560504.950255	0.0202783187150238	0.0879543461926356	-152560337.121819	0.0137402875536369	0.0879562808771902	0.00781310249761147	0.108348547051367	0.0879352492774552	0.1079628124622301
20	0.1	-152493796.154191	0.0141864408797271	0.0925821649912996	-152493602.031199	0.00973977225475142	0.0923747925060426	0.0081516962439937	0.11254013730318	0.09256219975112565	0.11241039684431171
20	0.1	-152478805.231655	0.0145539403189192	0.088898423131795	-152478689.500517	0.010947637559225	0.0889182971580852	0.00633831645639116	0.109257927967007	0.08887704093637015	0.10917119030861407
20	0.1	-152624639.628489	0.0174747953201487	0.112342367596111	-152624396.357951	0.00995526122508095	0.0914187511284741	0.011531125835596	0.112416307952261	0.09170623558866371	0.11213286595481117
20	0.1	-152599135.157768	0.0160390511713355	0.0880275962621649	-152598889.158753	0.0100693711198759	0.0881249400540981	0.00966167509639493	0.108373662072431	0.0880091525328924	0.108261684198843
20	0.1	-152479013.694035	0.0140412186680934	0.0900628259388922	-152478848.495736	0.00988813769752295	0.0896487199386054	0.00751661645430068	0.109251534071231	0.09003563669599267	0.10910755174898022
20	0.1	-152494620.688071	0.0180901798514015	0.10825923152278	-152494364.892782	0.0107932505340491	0.0879873972213042	0.0110858288908124	0.108403851874934	0.08795786190172437	0.10818701292930168
20	0.1	-152566281.805241	0.0136216883810304	0.110117562321918	-152566060.704565	0.00909944002862728	0.089966294363188	0.00947997797957179	0.110192483455403	0.08991206006904193	0.1099916559248387
20	0.1	-152480967.659821	0.0139128423086065	0.107966039991969	-152480826.14747	0.0072313794290213	0.088073812586684	0.0103603132029657	0.108080291846563	0.0878658383840794	0.10780436624951115
20	0.1	-152496776.667811	0.0154623444790259	0.109974777299222	-152496562.73189	0.00940805411637258	0.0895466412862867	0.0105690345074171	0.110055324889332	0.08950866428099358	0.10976581285881273
20	0.1	-152547890.619034	0.0210545917385674	0.0909486797901214	-152547661.302041	0.0126380415276265	0.0907829647322786	0.00964433963676858	0.110357913487921	0.0898164384129196	0.11028802561300169
20	0.1	-152443516.970973	0.0188078587542598	0.0910636082032195	-152443256.522686	0.0116410830214941	0.0910910674297362	0.010308428068873	0.111331286538913	0.09104171177990782	0.11123064380499385
20	0.1	-152574595.848546	0.0154297455553312	0.110101161982665	-152574329.336836	0.01065201316583	0.0896776270962422	0.0100822723071723	0.110123695322321	0.08975418861305251	0.1098319446061756
20	0.1	-152513724.299268	0.0159506553062498	0.0908331163864775	-152513527.872913	0.0105927186632904	0.0908841525576016	0.0083873295619753	0.111410219204196	0.09080921606829576	0.11131746029290424
20	0.1	-152514994.258229	0.0126461312508319	0.10931344646694	-152514805.634815	0.00841282748157479	0.089572562254572	0.00892953959297937	0.109459320400741	0.08949642136549328	0.10919258140577055
20	0.1	-152462951.034109	0.0199910520014231	0.109094138655568	-152462665.281689	0.0114176129405301	0.088189683860676	0.0114918104210704	0.108953405555234	0.08852230090003632	0.10902135078098878
20	0.1	-152472018.168839	0.0191367015717583	0.0887500949150955	-152471898.224288	0.0139582343549283	0.0887497284655522	0.00655363140721144	0.109449889317	0.08934787867290495	0.10919847228615678
20	0.75	-152603422.770857	0.021264724498135	0.0892676294957068	-152603173.209022	0.0122185651506852	0.0891402088589863	0.00967562101371566	0.107800648268266	0.08884809657682556	0.10791918164905726
20	0.75	-152531401.661461	0.0115864794340796	0.103094400434025	-152531275.476281	0.00669228272254774	0.0834231226684997	0.00880219236971425	0.103112207110778	0.08355869516503862	0.10293843397701985
20	0.75	-152510199.372396	0.0159790523560682	0.125214173524289	-152510001.600262	0.00858224868635316	0.103630314043137	0.011396908649648	0.125220424738553	0.1037698009799887	0.12492275291176964
20	0.75	-152632968.529526	0.018237742666112	0.124775870253879	-152632731.664717	0.00909480365848958	0.100083806606351	0.0118971261941645	0.124659319765272	0.10008261743913896	0.12467632614309139
20	0.75	-152502947.187156	0.0145044624071848	0.104292757407057	-152502699.037497	0.00990607235909169	0.086569736463904	0.00935791466229996	0.104304720475457	0.0864557352983764	0.10418639177372317
20	0.75	-152555460.31816	0.0129594549360167	0.105104309484539	-152555264.085959	0.00920996064150703	0.105109270311294	0.00844925163455224	0.125651359424144	0.10510008341432668	0.12533770606597444
20	0.75	-152391555.997333	0.0183346435358449	0.0935101220589829	-152391345.668639	0.012461070835853	0.0935163234828564	0.00784527496418075	0.118700705250696	0.09347530267084721	0.11864995348961807
20	0.75	-152483894.116383	0.0131519648816152	0.0784541922777195	-152483692.326125	0.00955553569221257	0.0783586879751028	0.00857404573560849	0.100737711259037	0.07844027537723201	0.10009752421112723
20	0.75	-152549014.053359	0.0164271949152283	0.100522223619808	-152548919.41466	0.0111377912811949	0.100545943127319	0.00590627521214793	0.114160666688503	0.10051247866031968	0.1140686586944624
20	0.75	-152535660.829477	0.0116323005199825	0.0869678001354152	-152535495.678501	0.00852637370453158	0.0867558455899857	0.00720232915206598	0.107929671691522	0.08731972409723505	0.10785682181914949
20	0.75	-152624441.304566	0.011936284165452	0.093142705993438	-152624238.17519	0.00832422893073126	0.0724342051469001	0.00853561389261714	0.0931340119182653	0.0725574419212612	0.09303815367482347
20	0.75	-152548544.321442	0.0121985169084694	0.0916329512142435	-152548358.830474	0.00918863126148994	0.07679960895069	0.00793940332465837	0.0918589230435698	0.07696333815012701	0.09216473703124009
20	0.75	-152523298.981079	0.0134670614706	0.074798771664388	-152523159.434424	0.00926266049402713	0.0747751621162032	0.00698175750403107	0.0888830939149452	0.07471345113480266	0.08882197036852642
20	0.75	-152509776.272312	0.0160136715191169	0.0934754325268244	-152509625.424329	0.0106284988637098	0.0935103197514967	0.0069958765126743	0.111920298220212	0.0934374871980862	0.11189112314854341
20	0.75	-152569267.622953	0.0109530460237094	0.115457477181594	-152569145.053046	0.00696565343518019	0.0953998418399053	0.00856171775763215	0.115463181121913	0.09517912469629458	0.11522211614422738
20	0.75	-152581537.503637	0.0131194315156438	0.100236111426937	-152581381.12001	0.00869311969021702	0.0997887361066831	0.00748856177122503	0.115850920945474	0.09970755521416336	0.11541572195092552
20	0.75	-152535885.089512	0.0117017611678161	0.0844197367539114	-152535757.698337	0.00935829331045634	0.0844140747217299	0.00592548812860638	0.10846404916546	0.08364475702712017	0.10838885671707382
20	0.75	-152456046.262864	0.0143847909348507	0.103317685773887	-152455846.899774	0.0103184529764544	0.103322923570153	0.00851148187762618	0.128018413201039	0.10327694163421611	0.12786550005777128
20	0.75	-152469517.640447	0.0129714303044524	0.0959648812347976	-152469264.917069	0.00869408967844854	0.0959940003377476	0.0089735728643745	0.11812160300418	0.09594163909770241	0.1180797822417086
20	0.75	-152548490.045701	0.0139499189804874	0.118872188082536	-152548267.674583	0.00950878279723411	0.0964073645765577	0.00975345739618916	0.118889264923339	0.09646792147871243	0.11871682857474225
20	0.5	-152528881.620391	0.0124980980010913	0.10164425925405	-152528764.877262	0.00658641376778968	0.0853690001898638	0.0091430266726743	0.101624410842396	0.08494340222665735	0.10154526660716721
20	0.5	-152475766.57765	0.0183350820936135	0.114422935953403	-152475585.321523	0.00919624797944474	0.0987509784240434	0.0114747758925398	0.114458280839055	0.09903195745687786	0.1143115987361638
20	0.5	-152484283.785086	0.0165722564296008	0.094495813199864	-152484116.767745	0.0113517051522819	0.0945229568762206	0.00786375477297119	0.11394442628353	0.09447254529215583	0.1138681971541786
20	0.5	-152504686.300256	0.0138543793371509	0.0990427011423917	-152504444.039079	0.00962328865249917	0.0787264846438702	0.00915865018390694	0.0988532848039972	0.0790216085169247	0.09899464754737024
20	0.5	-152491935.069628	0.0172605288176927	0.085326525814123	-152491715.32913	0.0106806628815	0.0853401858044484	0.00951149106856997	0.102459338032013	0.08530838633123185	0.10223153979022685
20	0.5	-152484426.014237	0.0117467526701056	0.100898802135043	-152484268.756308	0.0085031244637418	0.100898041591829	0.00747549685594484	0.120704508773111	0.10039488849979525	0.1205284442423346
20	0.5	-152525619.263235	0.0162033620483197	0.0946581773098022	-152525407.106922	0.0114137481130167	0.0946751588333778	0.00889091261184582	0.119917756859362	0.09462939256676785	0.11948440948602919
20	0.5	-152564779.301678	0.0165989540289444	0.113813456903838	-152564566.277011	0.00912355400265541	0.0911998791688205	0.0116118033372031	0.113861873239895	0.09116878472274897	0.11373256322444189
20	0.5	-152551006.65785	0.0136599214769317	0.085415321290581	-152550814.106122	0.00961646025122664	0.0854546657943766	0.0081111964348034	0.106990422388997	0.08534652109986977	0.10640370630243373
20	0.5	-152533469.918485	0.0154279739508943	0.0804699317501442	-152533211.989996	0.0106318612265395	0.0804692032798237	0.00983513698561822	0.104717863699974	0.08043370997622307	0.10462198656769317
20	0.5	-152477534.974793	0.0175931159233418	0.110227022436568	-152477320.278878	0.0091548056449523	0.0899761520728173	0.0110781749425991	0.110265668280216	0.08994194117843114	0.11013384480376999
20	0.5	-152499739.640329	0.0185131176939689	0.10486299004755	-152499507.08967	0.0102031826318777	0.0864694870959421	0.0110629142589014	0.104972839606926	0.08676727879262773	0.10480141078435179
20	0.5	-152487468.323965	0.0126433762653286	0.101485850385383	-152487336.175096	0.00694185793445279	0.083418855282436	0.00944998213540194	0.101484622449649	0.08337906115086989	0.10131358192874225
20	0.5	-152539606.803077	0.0127095292274381	0.0923679416636139	-152539429.580445	0.00918526045494783	0.0918952254606229	0.00740814079120156	0.114452253199263	0.0916540151482038	0.11458308537009827
20	0.5	-152534457.196565	0.0206167693514628	0.105842413252496	-152534226.990872	0.0101143240322334	0.085257944839284	0.0121764587626239	0.105998667500589	0.085191060254371	0.10573879932335699
20	0.5	-152493152.710935	0.0179671761794751	0.113328015550365	-152492976.750799	0.0085195175547752	0.0928470887792649	0.0123906928215316	0.113496517451946	0.09177498608655711	0.11300479201850269
20	0.5	-152491874.549944	0.0124566572125845	0.118911936216931	-152491724.860475	0.00772490820878002	0.0963831634803965	0.00946350673173735	0.118918597748369	0.09631987074411412	0.11879021394844876
20	0.5	-152572114.498316	0.0272582832237513	0.11101134881887	-152571850.441035	0.011049013929146	0.0853128343943303	0.0150999516169771	0.111086612151058	0.08572668434190979	0.11090701757026968
20	0.5	-152489405.169925	0.0176353498972573	0.110045703813378	-152489179.073013	0.00911288794071285	0.0869405296745475	0.0120234446436945	0.110076445748342	0.08682096153679351	0.11098484757591301
20	0.5	-152486735.682612	0.0133344227660701	0.105259542732572	-152486556.890235	0.00829028447653801	0.0853319308406641	0.00939758182225148	0.105276182295365	0.08591432326867991	0.10515610967216082
