count	mig	lnl0	sel0	loc0	lnl1	sel1_0	loc1_0	sel1_1	loc1_1
20	0.0001	-71318207.8636042	0.0106427259641633	0.0901610286703034	-71318200.3047216	0.0103170536768056	0.0901775748020969	0.000766333787320161	0.12607318587713
20	0.0001	-71340903.4867578	0.00769215821008706	0.0894592509425391	-71340901.5698381	0.00775565691100966	0.0894600030357904	0.000785974225898323	0.121547895325503
20	0.0001	-71295935.6117323	0.00656137365778919	0.089702969330981	-71295935.6451802	0.00659361593347496	0.089700624542363	5.27303764785714e-06	0.108787676137152
20	0.0001	-71236139.0951032	0.00902569705755862	0.0896391569968694	-71236137.6530228	0.00884187164544936	0.0896412469300041	0.000601217093489814	0.111859683668023
20	0.0001	-71305112.7829774	0.00879286246035826	0.0894892595250893	-71305100.776976	0.00816236565197637	0.0894938403593675	0.00213369129605367	0.127128941003756
20	0.0001	-71323084.7370896	0.0107664290175122	0.0900899166154661	-71323084.8298918	0.0107692551538815	0.090087737676673	1.10381883725585e-05	0.100818641665407
20	0.0001	-71310944.1672243	0.00775494314056735	0.0900957531531848	-71310944.2234855	0.00768099112886911	0.0900973478685922	7.49890801854391e-06	0.102750363447084
20	0.0001	-71313484.5187082	0.00938836111727426	0.0899288225664837	-71313483.5761898	0.0091969948391315	0.0899327724698574	0.000725749235709783	0.111952709827778
20	0.0001	-71304812.4699673	0.0109134635290881	0.0900441931422606	-71304795.3715094	0.0096084975982722	0.0899575426714095	0.00240038331918557	0.107025118826761
20	0.0001	-71265606.4330052	0.00924422764110699	0.0900849394318612	-71265606.4958265	0.00930411278879784	0.0900830838898087	1.72288495463579e-05	0.104402303181761
20	0.0001	-71277307.613812	0.00888059816414311	0.0900948919309369	-71277297.3524406	0.00841199881132759	0.0900990935712289	0.00205179360954399	0.118309909863553
20	0.0001	-71319261.1957315	0.0121613071177491	0.0900516183108772	-71319249.5977231	0.0112814793584354	0.0900631851533416	0.00205526369306253	0.110712919323196
20	0.0001	-71339675.2985658	0.0111142085185957	0.0896310817239161	-71339658.8015401	0.010553112949035	0.0896290630439333	0.00238509315707747	0.129391870770981
20	0.0001	-71346396.9449821	0.008060761500289	0.0901004382824769	-71346395.9751015	0.00785454230332627	0.0901033984938401	0.0007269778726956	0.108510746171036
20	0.0001	-71314038.4159946	0.0107428592590636	0.0896856155457856	-71314038.195991	0.0105715712891189	0.0896639748128103	0.000329172145053569	0.102153086607399
20	0.0001	-71262087.9472655	0.00983707490807773	0.0900823326343046	-71262087.9787738	0.00976817767173621	0.0900870909531661	9.59377442788512e-06	0.101208831019775
20	0.0001	-71251539.9575436	0.0107080159952962	0.0910007929907246	-71251517.3032438	0.010046406537876	0.0909982765562737	0.00294106157633489	0.128898330955391
20	0.0001	-71313379.3636861	0.0107880126991217	0.089883185673712	-71313347.173488	0.00959401690936124	0.0898681367773656	0.00322815319389191	0.115390036608429
20	0.0001	-71328392.1316242	0.013103167051431	0.0900661233361027	-71328390.9725157	0.0126545663973263	0.0900631466890033	0.00071434498116052	0.105235902212653
20	0.0001	-71333166.8467837	0.00988388870432799	0.0896949160197317	-71333166.8722084	0.00980584330622758	0.0896976544661057	1.60990852338116e-06	0.108032279178246
20	0.0002	-71311418.072357	0.0119668420804702	0.0901665932556113	-71311363.3052204	0.0110865015860153	0.0901655141613576	0.00461078709039109	0.12209550272482
20	0.0002	-71307766.6613131	0.0137369831602264	0.0897951494193316	-71307746.1542579	0.01157866038497	0.089691393030849	0.00308504602174131	0.100680743716814
20	0.0002	-71382051.3857125	0.0110983199141427	0.0900433399617339	-71382006.0924478	0.0102689824306731	0.0900429333408886	0.00391521602766653	0.128042534496249
20	0.0002	-71254582.0077472	0.00884680032702578	0.0898375034549379	-71254577.8050065	0.00855360658422977	0.0898036736500234	0.00110276003527654	0.113461459475918
20	0.0002	-71338214.0248815	0.0111410995220486	0.0903925937968692	-71338194.3773663	0.0105271780729294	0.0903780514643093	0.00257312346028815	0.129999215484813
20	0.0002	-71289930.9096567	0.0106151962363619	0.0900784624762402	-71289930.0866556	0.0105438314256583	0.0900806291221997	0.000560813257914239	0.128711385545688
20	0.0002	-71275116.1410268	0.00967620886294895	0.0900729113026532	-71275086.5876772	0.00846097529023015	0.0900808566306036	0.00372639840503752	0.119042902418508
20	0.0002	-71278137.8966605	0.0100777052701035	0.0901764930276257	-71278120.2272233	0.00934793733102546	0.0901845068537592	0.0023599381810071	0.118373538326999
20	0.0002	-71288830.23078	0.00912570089926024	0.0901850267070627	-71288825.4609533	0.0087803562315617	0.0901899358368458	0.000859258532364016	0.124335879268836
20	0.0002	-71322388.1309467	0.00983519532285959	0.0900870800164642	-71322388.1243924	0.00985178797246211	0.0901085464365647	3.94903056477602e-06	0.110865507849543
20	0.0002	-71309759.9053296	0.0130237123680084	0.0900457208656121	-71309731.9978548	0.0108320016216805	0.090049718187287	0.0034709926891513	0.107526376894292
20	0.0002	-71305781.8529242	0.0123995287600364	0.0898721302796704	-71305780.8298992	0.0118013722324511	0.0898698735192396	0.000831164264646245	0.103841261580717
20	0.0002	-71313580.4715988	0.0129644038418786	0.0900554272351129	-71313573.0118039	0.0121220371674043	0.0900625120865563	0.00151428406240939	0.10943599835241
20	0.0002	-71259176.7456414	0.0099848714739792	0.0912484938876378	-71259173.3046501	0.00907841654262709	0.0908527699518513	0.0013362035806177	0.104053577657463
20	0.0002	-71202939.8885708	0.0115194983662531	0.0900491562524343	-71202937.8828063	0.0110575854375765	0.0899361545195941	0.000904260798132328	0.106634657057235
20	0.0002	-71302062.146651	0.0117529944918869	0.0901678032965822	-71302018.0315498	0.01066275200496	0.090099802463254	0.00386503713368025	0.128279320688031
20	0.0002	-71267054.0339894	0.0108369307183427	0.090052530696843	-71266995.7141035	0.0096650307885916	0.0900605061904287	0.00487517611871036	0.123293444596064
20	0.0002	-71262431.6089178	0.0107179938834617	0.0900432568695668	-71262402.5323077	0.00917399372503658	0.0898984594089303	0.00338196350272668	0.120005753587514
20	0.0002	-71325454.9265551	0.0094482435167178	0.0903597529049526	-71325438.8328042	0.00858977332663935	0.0902471111800898	0.00207252873490105	0.12098545471447
20	0.0002	-71329238.3134703	0.012929911108538	0.0900433301390795	-71329225.7384834	0.0119273002265479	0.0900324809935676	0.00203325864371695	0.113545223503586
20	0.001	-71302536.1320394	0.0177106597144561	0.0911650686477925	-71302471.9336421	0.015168442787949	0.0904964794221881	0.00515241274097122	0.12326023244458
20	0.001	-71383270.7571881	0.0249067991122095	0.0900443711896771	-71383188.2962769	0.0141665056769157	0.0900443587015623	0.00587509340206138	0.106719581894526
20	0.001	-71316474.9907213	0.016842167017194	0.0900443784078777	-71316364.8711943	0.0126870096238699	0.0743574807802691	0.00855680279822024	0.125240983215342
20	0.001	-71315067.7631244	0.0136519970197618	0.0706575963018532	-71314906.5273919	0.01084132940722	0.0706562354000733	0.00793567780572679	0.10044192317902
20	0.001	-71389371.3477617	0.0225025077868566	0.090496609004323	-71389316.3937701	0.013360168530168	0.090495356216406	0.00596621664440922	0.100651865922504
20	0.001	-71419847.0968628	0.0233647314054433	0.0900442754266228	-71419725.8931268	0.0158023816245405	0.0900439153105322	0.00832127732896049	0.122938959590574
20	0.001	-71355963.3714177	0.0156541340839231	0.0911643039255158	-71355785.2302019	0.0118756438101707	0.091165239246355	0.00848818436424947	0.129966675270976
20	0.001	-71308096.4032081	0.0303301652523114	0.0922571369669619	-71308031.7242716	0.0143794280101064	0.0911657629734541	0.00689262655963541	0.104103795753699
20	0.001	-71352995.4230573	0.0181394810813618	0.0900442680031313	-71352871.7314876	0.0145208380276848	0.0900442233934615	0.00700156716228539	0.122791117009515
20	0.001	-71379678.4485746	0.0178840387306493	0.0900443235081737	-71379578.1208816	0.0151228245958742	0.0900444083473421	0.00585816487035584	0.128491530159329
20	0.001	-71312967.4318241	0.0328926306759217	0.09225713642956	-71312883.9779176	0.0177136848298795	0.0899393284726372	0.00705194897316508	0.11500038316111
20	0.001	-71389617.6782074	0.0117095154759447	0.0904954200474554	-71389474.3018556	0.00967151835875057	0.0903564255173187	0.0074862264123523	0.123764638851672
20	0.001	-71360197.5776518	0.0158728798407604	0.090044360241212	-71360136.3336033	0.0112202662687847	0.0886973680546804	0.00493132296098775	0.106111980330009
20	0.001	-71332057.7685988	0.0247365916192649	0.0900442802736768	-71331975.4526429	0.0142720016034029	0.0900438482609046	0.00604619969186693	0.10672260110162
20	0.001	-71363909.4722479	0.0160870975805083	0.0896328168082572	-71363864.474529	0.0134578260968534	0.0896328272886054	0.00396404829883568	0.116764973893463
20	0.001	-71327814.2619285	0.0262688044896104	0.0900442844696304	-71327773.482969	0.0151971228847789	0.0898284291091347	0.00595931591781251	0.100800615053509
20	0.001	-71372497.8673485	0.0156633441198787	0.0900437727298283	-71372456.3168489	0.0115319936110911	0.0893558942584662	0.00451126127336132	0.102839472346322
20	0.001	-71373105.5549424	0.0242310022938647	0.0900442878247628	-71373032.5084033	0.0193407971593769	0.0900443893944428	0.0047324256732687	0.129694810489762
20	0.001	-71323390.0612516	0.0239062346652358	0.0904964786031099	-71323293.7930857	0.0140454455132442	0.0904965733483084	0.00679652596672975	0.105488315820402
20	0.001	-71377605.496796	0.015834825935003	0.0900440903858944	-71377487.20269	0.0130203037128575	0.0900438473071087	0.00680059164909252	0.129746008330859
20	0.0005	-71338785.5928164	0.0162702952120322	0.0900447643536992	-71338756.6646554	0.0129624596459816	0.0900486602595681	0.00367008130186519	0.102948252711572
20	0.0005	-71345852.1029081	0.017085122963669	0.0900438459142591	-71345811.4017543	0.0130872517786547	0.0896852636506148	0.00446877773361332	0.101119644784002
20	0.0005	-71294174.4020811	0.0136414194538309	0.089828598961848	-71294159.1712255	0.0123984861363005	0.089788772249789	0.00231929433047873	0.108237156560078
20	0.0005	-71310137.3697228	0.0115607380813417	0.0901658827690975	-71310080.1811961	0.0103073092077672	0.0901676819746969	0.00443557633248315	0.120235362263058
20	0.0005	-71319154.9937921	0.0121104521874738	0.0894469374541177	-71319043.269943	0.00965400691594953	0.089445396293129	0.00620437245596173	0.116434756013364
20	0.0005	-71349468.6024563	0.0123344649174933	0.0904043300506027	-71349452.3925756	0.0102972344501522	0.0903554385662492	0.00279029904560102	0.100037175062272
20	0.0005	-71287411.9008554	0.0165675569198246	0.0900444107283594	-71287364.4305642	0.0121783995726579	0.0900438530330783	0.00440662471983089	0.103144576524021
20	0.0005	-71285370.1143942	0.0134622240450555	0.0900445192122821	-71285303.9962762	0.0113070990149305	0.0900424243710648	0.00476605757227877	0.112228120008664
20	0.0005	-71322439.7369344	0.0148122978530959	0.090045790182116	-71322369.1310841	0.0127254391617826	0.090050229130614	0.00526989478409368	0.121624520253477
20	0.0005	-71309069.0802723	0.0156493345284957	0.0896322932013136	-71309040.4263567	0.0132785082776578	0.089632403379827	0.00341815514755328	0.106769431869816
20	0.0005	-71264131.4561632	0.0105237305683994	0.0900430117905681	-71264045.5530463	0.00800412290672026	0.0898227214659547	0.00566942712353879	0.111314981913887
20	0.0005	-71337345.8471291	0.0125908207229127	0.0896312400236312	-71337300.7595195	0.0109436878413369	0.0896297796584554	0.00412389027254967	0.117408947108952
20	0.0005	-71374159.2733847	0.014109438666826	0.0900444910922868	-71374127.1116561	0.0125017801135938	0.0900448119163593	0.0032708946488571	0.112899363836554
20	0.0005	-71335288.9542043	0.0175836734036234	0.0911656569933439	-71335235.7070648	0.0122903011198585	0.0904952716011692	0.00522602284710438	0.101797019226575
20	0.0005	-71364980.8358009	0.0261839629586622	0.0900442078054111	-71364971.0248996	0.0227628208478946	0.0900442756435625	0.00210068659430729	0.110992277702794
20	0.0005	-71284935.5096604	0.0146027584013785	0.0900444916397385	-71284893.465273	0.0128181179446267	0.0900457989592198	0.00417992884813556	0.118265104506723
20	0.0005	-71317186.0850808	0.01382463004794	0.0900443924131349	-71317151.9253773	0.0108937114571414	0.0900477125473802	0.00406614531362159	0.101476532920421
20	0.0005	-71335860.6343544	0.0113624753375835	0.0900457438531103	-71335815.2528527	0.00919792191239088	0.0900550183449025	0.0039429815525589	0.104711739843586
20	0.0005	-71263944.3955839	0.0142150196076083	0.0900456599294109	-71263904.3875193	0.012576578391732	0.0898278573624802	0.00359012054502916	0.125787862447884
20	0.0005	-71367513.9318275	0.0208808725444962	0.0911656195211968	-71367483.247214	0.0183654287459293	0.0900439833096214	0.00332301453540229	0.121994370969339
