count	mig	lnl0	sel0	loc0	lnl1	sel1_0	loc1_0	sel1_1	loc1_1
20	0.0002	-71390255.115923	0.0184642030862755	0.110214705710932	-71390024.5112207	0.0101657518817331	0.0901622615663341	0.0118975078086005	0.110362135034999
20	0.0002	-71337292.1919026	0.0179340437324228	0.110088861861645	-71337040.8929518	0.0104753037509815	0.0901585600909987	0.0107583289138559	0.110278807076518
20	0.0002	-71388750.2387911	0.0191471420173641	0.0923203279281413	-71388497.2364713	0.011006794235333	0.0923212133849564	0.0102008379107814	0.110411096609405
20	0.0002	-71325685.3913433	0.0185514944852113	0.110214715750406	-71325488.7317957	0.00893907277399053	0.0901676263384792	0.0123217533079636	0.110274825692452
20	0.0002	-71330209.4982621	0.0160893736183497	0.0900440442763986	-71330016.0778406	0.0108132780661324	0.0895441457538714	0.00824976779133668	0.110177347434669
20	0.0002	-71316145.4487577	0.0147354162809544	0.0900440001404491	-71315954.1390601	0.0100283946706211	0.089828640814247	0.00827694513417532	0.110128112292488
20	0.0002	-71337045.5848499	0.0178273471907251	0.0900468458650034	-71336797.9692895	0.0112326147828375	0.0900664288363478	0.00995675498056836	0.110288788611338
20	0.0002	-71395572.4147018	0.0202310829769597	0.0900440471802738	-71395289.9200878	0.0127562699350721	0.0896828058467759	0.0106576411067705	0.110447449200836
20	0.0002	-71364295.2549327	0.0129549665700652	0.110088895393988	-71364135.889211	0.00790268637620006	0.090084308653629	0.00932235820571625	0.110060620021788
20	0.0002	-71308621.8651088	0.0151221529621626	0.0904961008104175	-71308413.4719572	0.0105403658847595	0.0901563522955318	0.00869922453480865	0.110118455556948
20	0.0002	-71299089.4091027	0.0221435048828678	0.0923204309834032	-71298870.5667032	0.0124514256203688	0.0900464709554741	0.00990643662864188	0.110141817039165
20	0.0002	-71291332.1120717	0.0258656937221908	0.110089496325251	-71291097.0409869	0.0109141546759103	0.0900599105910348	0.014463372700689	0.110141526321229
20	0.0002	-71275023.4866689	0.0219388424864803	0.0900442928192415	-71274858.7017282	0.0143590482725826	0.0898228538585544	0.00812280956540445	0.10999878638296
20	0.0002	-71370205.1132929	0.0140560488119067	0.110141024695187	-71369996.9752812	0.00960907230806884	0.0911659096384571	0.00962045639034703	0.110124331726507
20	0.0002	-71317342.8912487	0.0166384143898471	0.110095316906149	-71317117.8223592	0.00965802147539108	0.0897146240779888	0.011075581732835	0.11020920565362
20	0.0002	-71365816.0467034	0.0235445155187094	0.110088880404117	-71365552.8692507	0.0115453565126465	0.0897608660549622	0.012229145920733	0.110214621108531
20	0.0002	-71343233.5794795	0.018533078805307	0.110090786546009	-71343089.8007524	0.00729926006788884	0.088760761624174	0.012973131428117	0.110145217696672
20	0.0002	-71340197.0031443	0.0248780480418266	0.110089393168198	-71339910.7057085	0.0124629431488179	0.0900576664923133	0.0125507072713804	0.110137231199844
20	0.0002	-71383332.8749563	0.02384746453068	0.0900443010714865	-71383125.9950921	0.0137767475158072	0.0898831450674458	0.00923015759159274	0.110294635899726
20	0.0002	-71358336.2052323	0.0300384331974284	0.0900442679155985	-71358153.3862593	0.0168676222420528	0.0900437040270766	0.00891653022251893	0.110213529285669
20	0.0001	-71336617.315051	0.0180552245500746	0.0900452359582539	-71336396.312508	0.0114806781900684	0.0900737998975399	0.00900477107614073	0.110168887988831
20	0.0001	-71345001.8687433	0.0145377313175218	0.110088555283448	-71344796.8014603	0.0092507147026708	0.0900525511128531	0.00980811097685352	0.110087460671391
20	0.0001	-71286428.3648293	0.014341009961135	0.110588799351418	-71286190.4582562	0.00996133323399995	0.0900712355495454	0.00957936423451966	0.110584393872524
20	0.0001	-71360103.1994859	0.0146572597593214	0.110213573154624	-71359950.9416686	0.00758578188361436	0.0895998633305694	0.0107710348724218	0.1102945224744
20	0.0001	-71383439.536929	0.0191108361219112	0.110090554460571	-71383165.5719486	0.0111727765196366	0.0900438188441581	0.0113408668880459	0.110140524893074
20	0.0001	-71296279.029406	0.0228419738015685	0.11008897890727	-71296016.3569799	0.0108160653774368	0.0900904553803875	0.0126208484595236	0.110142539551465
20	0.0001	-71316829.8333106	0.0215176296124229	0.110089251697189	-71316541.2220257	0.0120738410710362	0.0896169141804706	0.0117096608243015	0.110099488321853
20	0.0001	-71316165.0843506	0.0144362471411589	0.11008802598283	-71315955.9447798	0.00923348619872844	0.0900569292226563	0.00959717393014947	0.110005761889107
20	0.0001	-71343430.5818511	0.0171804363760658	0.110088991287693	-71343186.6952119	0.0103529503893804	0.0900714904860894	0.0105335277578296	0.109920690220787
20	0.0001	-71290572.1991732	0.0129517408675031	0.11009924723901	-71290398.8382338	0.00803421221170364	0.0901590049625896	0.00928830072949038	0.11014601095995
20	0.0001	-71358633.4716132	0.023948913722538	0.110588710980408	-71358416.2491774	0.0102111777651436	0.0901626695640966	0.0136556222054557	0.111136951378687
20	0.0001	-71354495.0049013	0.0204545601388325	0.0900443474096897	-71354289.5660225	0.0129156771370785	0.0900472008028307	0.00885760272651026	0.110453397281687
20	0.0001	-71406790.9705195	0.0197159814725705	0.110588798525232	-71406606.8753286	0.00869276043502676	0.0901835825824057	0.0131908365876139	0.110589210454455
20	0.0001	-71277467.0125739	0.0143270949887848	0.0900461061551192	-71277299.4654653	0.00999598898825838	0.0899571977970699	0.00755441598846074	0.110345032233719
20	0.0001	-71370748.9923151	0.0197095472551007	0.0911657190232902	-71370572.2267528	0.0127883285791851	0.0900763114771608	0.00825458646609467	0.110262139717012
20	0.0001	-71250198.2530469	0.014958226456071	0.0900435052701519	-71250031.6687338	0.0103710400136506	0.0899521062649895	0.0077652735403011	0.110113794649637
20	0.0001	-71309770.0124146	0.014888042956956	0.110088908231866	-71309574.192306	0.00883363115068558	0.0898756893161657	0.0103654261494548	0.110141669913481
20	0.0001	-71286562.8766336	0.018552620254069	0.110091731141841	-71286321.1168326	0.010240515691409	0.0901678747009117	0.0114534362181195	0.110139785560347
20	0.0001	-71285231.4878341	0.0148712736805823	0.0900497507416769	-71285072.9321992	0.0105925818605762	0.0900733122742314	0.00736910323896012	0.111038947857641
20	0.0001	-71296330.9517832	0.023913674917528	0.110588750030013	-71296112.4653037	0.0101082681758342	0.0908693231627061	0.0139194475682539	0.110587797867674
20	0.001	-71400047.8274497	0.0554405490327815	0.110088916207375	-71399876.2748634	0.0160453278511444	0.0900442195674651	0.0170284592186098	0.110089075173507
20	0.001	-71354322.4414062	0.0720038602516282	0.0908278911868448	-71354159.2597321	0.0235652260330736	0.0900390474921448	0.0127919039207219	0.110410646434705
20	0.001	-71402949.5897039	0.0519045066725909	0.110089026931329	-71402886.5558124	0.0116680007198535	0.0896321909150531	0.0262300338759269	0.110088318886926
20	0.001	-71386116.6011181	0.0579701304291688	0.110088923238339	-71385979.2332249	0.0134355262657023	0.0900477293896103	0.022207310874768	0.110089000602962
20	0.001	-71341572.7380573	0.057899485515948	0.110088902624516	-71341416.1299768	0.0124836057911412	0.0840176703102245	0.0187311506670291	0.110588890175772
20	0.001	-71387901.0341728	0.0444495826746596	0.0909567528025678	-71387792.2186228	0.0155616684795222	0.0911663535037643	0.008885628408143	0.110088039458931
20	0.001	-71364454.0659191	0.0538714150044458	0.104103201140737	-71364280.0947865	0.0172429163057015	0.0896004473135577	0.0166768317300602	0.110072134197912
20	0.001	-71330827.89342	0.0549414678421077	0.090044064899818	-71330710.4791577	0.0175055835244537	0.0900441887870312	0.0119458475786437	0.11014151209654
20	0.001	-71367564.8793619	0.0583506367884532	0.10892144987768	-71367450.1463351	0.0092392147787016	0.0857736890824099	0.0327053609289256	0.110588806372985
20	0.001	-71378293.307751	0.0618907180981111	0.110088814769144	-71378145.5084835	0.0175469515044104	0.0885089430455435	0.0248779332287878	0.110085408837391
20	0.001	-71399362.375333	0.0583731228361049	0.0904964709972598	-71399274.628815	0.02430854155089	0.0896326770933291	0.0111441941924033	0.110140677503639
20	0.001	-71389762.4309861	0.0427729246326782	0.109219481089572	-71389582.9118097	0.01949699829026	0.0863679325666269	0.0164358000411371	0.11263231452899
20	0.001	-71397536.2893028	0.0602839062012526	0.110088919823697	-71397422.2782178	0.0180894096472439	0.0900438709150704	0.0165698032124033	0.110588872744621
20	0.001	-71454427.442165	0.0332604481482905	0.110088930918394	-71454250.7450593	0.0107146989921174	0.0904395559490045	0.0161300667144955	0.110088820465216
20	0.001	-71448359.7506458	0.0676904569375949	0.092257010341646	-71448266.92335	0.020808892994891	0.0900442897409517	0.0157543583822922	0.110088496853784
20	0.001	-71367672.9799319	0.0540126482301284	0.109219422046179	-71367524.5056389	0.0147574932529766	0.0898282069968359	0.0162885699858	0.110588321962783
20	0.001	-71406387.6611562	0.0586704144239438	0.110088699317749	-71406295.0600723	0.0152933252672734	0.0900451274441685	0.0192738065430261	0.110089109955798
20	0.001	-71375239.2609961	0.0596767685578784	0.108921515856725	-71375121.354391	0.0171271729747492	0.0900441337466735	0.0203909967023744	0.110088997168616
20	0.001	-71370651.814022	0.0539986272172148	0.110088792090517	-71370586.3084874	0.0053194935384443	0.0903557544530557	0.0413408168610732	0.110088934562962
20	0.001	-71382021.4464436	0.0507783902736634	0.0911655574581088	-71381860.6895443	0.01512433870848	0.0900440992454559	0.0155285256985397	0.11058870468703
20	0.0005	-71357756.1258708	0.0299619773009494	0.0900441833193071	-71357487.6812068	0.0128234869036863	0.0895958029417949	0.0119204833911136	0.110587451553517
20	0.0005	-71399388.7794943	0.0302343354142569	0.110088931471583	-71399132.4723831	0.0121615134222236	0.0900423094437256	0.0128569052587327	0.110089010597105
20	0.0005	-71324226.3961879	0.0164592134930656	0.110588050606134	-71323969.0520978	0.0108674453426559	0.0900545274933779	0.010532109319579	0.110588592114902
20	0.0005	-71277945.1531885	0.0310493918233891	0.110088935370679	-71277698.1819717	0.0124068355462739	0.0900528343909104	0.0125254212039364	0.110135310177061
20	0.0005	-71393955.1879455	0.0313007555786154	0.110088932845204	-71393742.734942	0.0109364649207657	0.0894403844338325	0.0151560681898881	0.110082698394509
20	0.0005	-71343209.8243496	0.0352397624919425	0.090044269398697	-71342991.9768077	0.0149277042113696	0.0900444670187064	0.0107021822006544	0.110089985353995
20	0.0005	-71385303.632233	0.0446471024564361	0.0911655644965684	-71385027.5959619	0.0170048071692971	0.0900435553160361	0.013909119648304	0.110087902513082
20	0.0005	-71337532.9734958	0.0192759805910948	0.110088521397627	-71337304.590734	0.00956384355064654	0.0879948548668602	0.0123135747936827	0.110212432651486
20	0.0005	-71338239.0656727	0.0337887836308578	0.11008884614561	-71337991.7888254	0.0131851311720519	0.0900608342298497	0.0135583023166641	0.110091385353831
20	0.0005	-71372805.6939741	0.0308642997498767	0.0900442710838812	-71372519.021385	0.0136586268014274	0.0900460682092912	0.0120445480826059	0.110212815024876
20	0.0005	-71346991.8179733	0.0366837234510652	0.0911655558780631	-71346735.7264105	0.0136355985277462	0.0908737938714483	0.0127626575166789	0.110140868623207
20	0.0005	-71352429.2525444	0.041452766905351	0.0938267451604432	-71352249.6949425	0.0188878334209531	0.0904964462294407	0.0121506833704705	0.110270516052454
20	0.0005	-71404332.932354	0.051326411251019	0.0904965609850027	-71404068.9992697	0.0167731997606544	0.0900439721416576	0.0126593603948878	0.110096920113019
20	0.0005	-71402815.250671	0.0323719303239469	0.0900442703623179	-71402558.9040273	0.0150434149214548	0.0900437681762496	0.0120228235756942	0.117933716289974
20	0.0005	-71387507.2345362	0.0311037016268468	0.0900442213398336	-71387295.5220918	0.0148012394512496	0.090496093873121	0.0102575850850437	0.110087306003514
20	0.0005	-71393014.4539594	0.0467486109506385	0.0900443140855187	-71392932.2617771	0.0293809275708136	0.0900442691463553	0.00697116866096981	0.110397757788013
20	0.0005	-71358793.9985224	0.0173476242357224	0.0911646717695024	-71358567.9501684	0.0108860084396865	0.0900449529145028	0.00959370699986617	0.110121373439996
20	0.0005	-71346495.7362454	0.0380903526429022	0.0900441825979772	-71346354.7183092	0.018441367676064	0.0900447307284126	0.00859859755843961	0.110084961019584
20	0.0005	-71313458.8716783	0.0450026900564165	0.110088803984002	-71313278.4922639	0.0124168646294861	0.0900422845219092	0.0165630547310734	0.110588744846878
20	0.0005	-71333918.9083826	0.0309338629030275	0.110088556446024	-71333634.0582214	0.0132934626596229	0.0895489368758154	0.0131203142788717	0.110140776878611
