count	sel	dist	R	k	lnl0	sel0	loc0	lnl1	sel1_0	loc1_0	sel1_1	loc1_1
20	(.05,.05)	0.05	0.02	0	-71292987.7225303	0.045986555591102984	0.0749238855737769	-71292837.4871588	0.043561245246997005	0.0747942690763909	0.006644178331435935	0.111159394368791
20	(.05,.05)	0.05	0.02	0	-71384618.1489369	0.05688300109115707	0.0749286707781325	-71384526.5175798	0.05233146966761504	0.0748602188991227	0.005408415801001931	0.125219502144646
20	(.05,.05)	0.05	0.02	0	-71273321.2848386	0.0447975930962381	0.075213119746587	-71273226.0853832	0.04034590694991491	0.0752047458635385	0.0064129796025240715	0.101630854671908
20	(.05,.05)	0.05	0.02	0	-71399493.5650388	0.04638208267782007	0.0752192858360037	-71399399.2353981	0.04329040778828297	0.0752210536363873	0.0052656950606631	0.125266804653202
20	(.05,.05)	0.05	0.02	0	-71378685.0060847	0.05379323518052204	0.0746681877434495	-71378543.7823803	0.05010334788636006	0.0745834663595168	0.006436188211640936	0.112022940609511
20	(.05,.05)	0.05	0.02	0	-71311854.1497637	0.04786919810232393	0.0748635821117111	-71311794.6796672	0.04778333841546101	0.074889333110673	0.004216797458358901	0.126090904287141
20	(.05,.05)	0.05	0.02	0	-71349511.3097242	0.04606412024935702	0.0751188331121268	-71349410.8273723	0.041557198320715916	0.0750056323013074	0.005481145971645063	0.100077176719734
20	(.05,.05)	0.05	0.02	0	-71321701.1145413	0.04908536887379711	0.0749267492545119	-71321626.4610637	0.04815625746145691	0.0747317928520666	0.005130573978643027	0.10500441028385
20	(.05,.05)	0.05	0.02	0	-71350359.1652035	0.04943281764641794	0.0752123288136271	-71350253.1422323	0.04471614889056008	0.0750422238343182	0.006018781225676895	0.101596905902578
20	(.05,.05)	0.05	0.02	0	-71381685.9645822	0.05813074909412297	0.0751680245007353	-71381506.2395547	0.05392053538229602	0.0751222543543356	0.008195015288079976	0.102788843943173
20	(.05,.05)	0.05	0.02	0	-71280449.4445449	0.03860145760366007	0.0754419743047227	-71280393.2065598	0.04344031361561507	0.0757299727285746	0.004732749472377895	0.118607991988458
20	(.05,.05)	0.05	0.02	0	-71399245.854114	0.06470418945248091	0.0752125192759521	-71399080.2414968	0.05869855071209806	0.0751305919114091	0.007734273938961089	0.104180262177701
20	(.05,.05)	0.05	0.02	0	-71394110.7105422	0.047106257191021905	0.0750583596942031	-71393988.532042	0.04740332795864299	0.0750477809263026	0.006268573340362016	0.1150389304745
20	(.05,.05)	0.05	0.02	0	-71306419.7842571	0.038908062343015914	0.0756659429985238	-71306326.2150318	0.03671331485512197	0.0755432165725029	0.005298072390981012	0.106062896782639
20	(.05,.05)	0.05	0.02	0	-71395041.5352191	0.04435654069455597	0.0771853078372369	-71394855.9676716	0.040156894899340045	0.0748543058691387	0.008278395403976013	0.104188308686588
20	(.05,.05)	0.05	0.02	0	-71354323.8543478	0.05644744940430391	0.0751671320520875	-71354229.4157891	0.053131929620158	0.0751779123276287	0.005689896525781002	0.102513652303614
20	(.05,.05)	0.05	0.02	0	-71327344.8660942	0.05918518640895709	0.0749273580658622	-71327273.0545406	0.05818652195778107	0.0749261378723116	0.004624052820516034	0.105098174087743
20	(.05,.05)	0.05	0.02	0	-71337870.7611146	0.05732465133800391	0.0750827692392159	-71337685.7368781	0.05243367844632307	0.075068362480791	0.008138946300922045	0.10410119267935
20	(.05,.05)	0.05	0.02	0	-71369828.4570866	0.04452632466527595	0.0747281357202997	-71369730.546738	0.04472963700694399	0.0747211143419656	0.005645532718739021	0.107525109275524
20	(.05,.05)	0.05	0.02	0	-71348042.2681283	0.058309771765918006	0.0752681012406627	-71347959.7759958	0.05800355001826307	0.07534992369538	0.005813492150040012	0.118260025240614
20	(.01,.01)	0.05	0.02	0	-71338008.0958928	0.013100325927254963	0.0746840713184819	-71338009.2639734	0.013364404023963106	0.0749143809739118	0.0002628762102780957	0.113711227946573
20	(.01,.01)	0.05	0.02	0	-71327373.8215818	0.010009974252579101	0.0750792059679285	-71327358.7436005	0.010080267695034895	0.075048342601557	0.0021570237580759155	0.121297916921798
20	(.01,.01)	0.05	0.02	0	-71319019.4569572	0.008282161707160007	0.0751193278172941	-71319010.9348348	0.008038338744178919	0.0751069854674204	0.0015877383767579634	0.104900098504657
20	(.01,.01)	0.05	0.02	0	-71276665.8377836	0.008637706675461043	0.0752077929840472	-71276666.1996124	0.008618724706180081	0.0751915563642848	0.00053587969964497	0.120332949652962
20	(.01,.01)	0.05	0.02	0	-71275065.0987743	0.007955652945501934	0.0751140872267258	-71275057.4168997	0.00802405747140189	0.0751085772859511	0.0015672609904040513	0.111722061770548
20	(.01,.01)	0.05	0.02	0	-71297466.6042147	0.012641165428400103	0.0748521177942426	-71297453.8123709	0.012544103249060079	0.0747926861370021	0.0020932170489640356	0.101586519990553
20	(.01,.01)	0.05	0.02	0	-71305552.6241702	0.00890309710576398	0.0749955567821746	-71305552.9602758	0.008927116634456111	0.0750528930623371	0.0006822559076758994	0.114925558313742
20	(.01,.01)	0.05	0.02	0	-71324862.3574964	0.007215753915058021	0.0752728061676235	-71324857.8197927	0.007023955717903041	0.0752710760552291	0.0007373868146779428	0.1197678894024
20	(.01,.01)	0.05	0.02	0	-71306168.6613042	0.010235405651358942	0.0759626576426996	-71306160.0583571	0.009745289853982042	0.075197264942448	0.0019723157973779992	0.101013703001655
20	(.01,.01)	0.05	0.02	0	-71207970.5392668	0.00811723331516001	0.0752427992387303	-71207968.5415206	0.008111448130458943	0.0752033003915732	0.0007784271587029101	0.11395785786785
20	(.01,.01)	0.05	0.02	0	-71277349.9659182	0.009859068376102953	0.0747895002293343	-71277349.8100591	0.010007352535564062	0.0747980071593579	0.000195842021964987	0.119065293371113
20	(.01,.01)	0.05	0.02	0	-71187933.4925854	0.004871391482001108	0.0750030891450527	-71187929.9616403	0.004760420764759021	0.0750019999756511	0.0011792255044810185	0.129049363843241
20	(.01,.01)	0.05	0.02	0	-71295145.038461	0.009531129470995103	0.0749758803197854	-71295133.6518653	0.009544041638098077	0.0749976945597651	0.002124773634020083	0.101241773138911
20	(.01,.01)	0.05	0.02	0	-71242574.0276892	0.010889123990701077	0.0749450735031248	-71242566.8317316	0.01107974098744291	0.0749507080900066	0.0015468600583369296	0.121908946553601
20	(.01,.01)	0.05	0.02	0	-71284658.7809891	0.008407007032584901	0.0751860754815115	-71284654.3229713	0.00831083040960301	0.0751093226313504	0.0015084875414759225	0.108102731872627
20	(.01,.01)	0.05	0.02	0	-71301002.1557092	0.012073759761815017	0.0752540205466132	-71300977.5628	0.01100892004493903	0.0752687329320804	0.0026271362036159873	0.105021415406685
20	(.01,.01)	0.05	0.02	0	-71319772.9350722	0.008489488718983917	0.0752591442167802	-71319764.0280931	0.008714386090225013	0.0752705653109147	0.001744749860417949	0.113108070399051
20	(.01,.01)	0.05	0.02	0	-71354766.2833135	0.006921969546118012	0.0748783510859855	-71354767.0610363	0.007023621271337932	0.0748347876086221	0.00016347290800300396	0.120637970086729
20	(.01,.01)	0.05	0.02	0	-71335858.6932565	0.008638719650735927	0.0758883595941831	-71335836.3970283	0.008386202825281908	0.0758556230555915	0.002754902796936909	0.109191477828987
20	(.01,.01)	0.05	0.02	0	-71290698.1555594	0.00855895306638299	0.0755447662899865	-71290675.6356509	0.008173360060954926	0.0755352357804943	0.002522085817696973	0.111748470609077
20	(.01,.01)	0.05	0.1	4	-71279380.5535156	0.008546105084319966	0.075054379980412	-71279378.0389946	0.008471791477699941	0.0750711584007861	0.0014900370371000449	0.118303984413723
20	(.01,.01)	0.05	0.1	4	-71330448.3414965	0.011052206382319962	0.0752480146074581	-71330448.1942059	0.011068992092160945	0.0752474853973446	0.00044413616014293833	0.101696214015933
20	(.01,.01)	0.05	0.1	4	-71365076.601331	0.008611496622657033	0.075304409372539	-71365073.6507297	0.00850131719994296	0.0752750477006702	0.0009312362290579967	0.116591853226828
20	(.01,.01)	0.05	0.1	4	-71339776.8523678	0.010445285372520097	0.0750378078437028	-71339748.155386	0.009573899430958988	0.075021269106502	0.0026787879257980096	0.105586632197338
20	(.01,.01)	0.05	0.1	4	-71306586.2035064	0.00928545774791989	0.0751220451239266	-71306573.8916505	0.00900800680476399	0.0751200560454883	0.0012639488856770464	0.112119383690142
20	(.01,.01)	0.05	0.1	4	-71293566.7173965	0.007977602304963027	0.0750363817041636	-71293565.482252	0.007652137184420038	0.075037729448955	0.0008992960730759281	0.105712405035251
20	(.01,.01)	0.05	0.1	4	-71336088.5013156	0.009421482446562046	0.0751697150786366	-71336071.8419475	0.008988940593118944	0.0751494459166023	0.0024968732174849295	0.123569091433052
20	(.01,.01)	0.05	0.1	4	-71336440.2473752	0.010384481459738915	0.0752539603400977	-71336427.7113797	0.010228914399559086	0.0751934022861596	0.002393599203296959	0.129890501614977
20	(.01,.01)	0.05	0.1	4	-71286091.1616039	0.008461734676459054	0.0773540873087264	-71286085.6276304	0.008182035536077992	0.0759988459799496	0.0014324612216629617	0.121442819508108
20	(.01,.01)	0.05	0.1	4	-71249769.1479568	0.007648121768719096	0.0747146679023952	-71249769.4732197	0.007660801687157104	0.0747382601963137	0.0001631465891770434	0.124296074933055
20	(.01,.01)	0.05	0.1	4	-71325339.6808658	0.0075616579327039135	0.0754078458649154	-71325339.2232021	0.007653096316522001	0.0752717083917151	0.0006237886681450533	0.120382923777481
20	(.01,.01)	0.05	0.1	4	-71333771.5574887	0.00819333669430089	0.0752764836255148	-71333769.3820822	0.007860013364542007	0.0752633595185577	0.0011088618771800673	0.10124404593714
20	(.01,.01)	0.05	0.1	4	-71266891.2638873	0.006720600155796896	0.0752785791296162	-71266891.6634306	0.0067038012296829486	0.0752872152561385	0.00044845531563597607	0.100287852928304
20	(.01,.01)	0.05	0.1	4	-71329294.3780795	0.009625892304479966	0.0749942255158077	-71329295.258393	0.009374627444081018	0.0750192731764901	0.0006806784397169752	0.112375428339871
20	(.01,.01)	0.05	0.1	4	-71257512.5503004	0.01029170301695892	0.075678754728633	-71257494.1651789	0.009700230301483037	0.0756300253417307	0.002231122619717918	0.118068851543578
20	(.01,.01)	0.05	0.1	4	-71293057.2003808	0.007415478284404031	0.0753223829003164	-71293057.2994567	0.007444865630895969	0.0752947454187008	3.3855393763992936e-05	0.116795861451737
20	(.01,.01)	0.05	0.1	4	-71304360.2994091	0.012042289422836028	0.0749148763280459	-71304354.8706615	0.011216028855099092	0.074976935663049	0.0014498674332189543	0.104298005462314
20	(.01,.01)	0.05	0.1	4	-71286952.9745436	0.010843786411677048	0.0752360103962635	-71286934.1023389	0.01043524714254096	0.0752093487548194	0.0025514160149950893	0.115271093446541
20	(.01,.01)	0.05	0.1	4	-71284029.2558733	0.009766911723664062	0.0749690595625037	-71284007.3332091	0.009781066795459092	0.0749437625137794	0.002559345249158018	0.129627075719171
20	(.01,.01)	0.05	0.1	4	-71293672.7077482	0.0089219465493241	0.0753050865043681	-71293672.532237	0.009191205556820958	0.075327922729071	0.0003330104340630857	0.105653532791822
20	(.05,.05)	0.05	0.1	0	-71348663.6711464	0.04238514457591802	0.0751376962104271	-71348653.1849989	0.038641991627063055	0.0751438022858023	0.0018488369294629159	0.111900973852032
20	(.05,.05)	0.05	0.1	0	-71327584.8148683	0.05193883393408194	0.0747102315414113	-71327564.7061183	0.04793852443595792	0.0747006325862452	0.002604913124603092	0.10495942028359
20	(.05,.05)	0.05	0.1	0	-71336036.1931019	0.05434174493315602	0.0750091855462349	-71336029.0443072	0.0521229445020549	0.0749745761684517	0.0013499821181599536	0.114558135673711
20	(.05,.05)	0.05	0.1	0	-71377194.995024	0.04355672478378092	0.0751765014939758	-71377187.7354106	0.03931322276596294	0.0751785007032355	0.002129156099080931	0.10054331037156
20	(.05,.05)	0.05	0.1	0	-71419870.1427715	0.06776637802202301	0.0751352788242187	-71419831.4916228	0.06270266929847701	0.0751312674766367	0.003418826730177904	0.12990950693963
20	(.05,.05)	0.05	0.1	0	-71350970.4044648	0.046380478961158045	0.0749819564068133	-71350963.8545318	0.0429815332321799	0.0749964365417325	0.0017491005257369574	0.100432965331871
20	(.05,.05)	0.05	0.1	0	-71259868.6803476	0.037333366535397094	0.0749804322275451	-71259865.6732067	0.03541633704133895	0.0750541291125469	0.0008600552158770647	0.104132895963835
20	(.05,.05)	0.05	0.1	0	-71360766.3918532	0.04516442021209799	0.0751739948874334	-71360766.8595905	0.04500509552172205	0.0750404284800344	1.0401663595893673e-05	0.100513407481651
20	(.05,.05)	0.05	0.1	0	-71341586.9972585	0.048298749405104036	0.0750937880958484	-71341586.6649052	0.04838758194149495	0.0751300557341783	0.0005003523969019374	0.119870675179098
20	(.05,.05)	0.05	0.1	0	-71387838.7248567	0.05529973470197491	0.0749870938298509	-71387828.6173455	0.050726538883563044	0.0748665436983695	0.0019331758396549104	0.102668836160974
20	(.05,.05)	0.05	0.1	0	-71360428.033929	0.04729538031950298	0.0751864104628327	-71360421.7235989	0.04485844471509892	0.0752225849565132	0.0015716251342230425	0.129895865181543
20	(.05,.05)	0.05	0.1	0	-71342407.5004365	0.04932051685145711	0.0763112802553613	-71342407.5448534	0.04996524548814396	0.0763141085546139	6.408665840895722e-06	0.112181591961646
20	(.05,.05)	0.05	0.1	0	-71357042.3926457	0.05083738198127896	0.0751942445408651	-71357040.4625953	0.05000841918643595	0.0751239487874907	0.000940263720020984	0.10751849255749
20	(.05,.05)	0.05	0.1	0	-71321113.1248593	0.051763548190101094	0.0750685139626919	-71321113.7354618	0.05164984739602296	0.0750165965307331	6.36917163570061e-05	0.103087415744986
20	(.05,.05)	0.05	0.1	0	-71362109.6830355	0.0634180444209771	0.0752188049787118	-71362108.6279881	0.06065212987344504	0.0752162487097196	0.0006957987212620198	0.100512041440631
20	(.05,.05)	0.05	0.1	0	-71348586.7759976	0.05487914230246105	0.07527527600736	-71348580.5770806	0.05146808199652109	0.0752472167365045	0.0014676405576040663	0.10076182952666
20	(.05,.05)	0.05	0.1	0	-71385744.293979	0.050893672354103914	0.0750365566496161	-71385741.4730728	0.04721942991048189	0.0750266175055337	0.0012753653780369634	0.119446238880889
20	(.05,.05)	0.05	0.1	0	-71360412.5275891	0.04587050282468097	0.0756892514212445	-71360412.3973864	0.04451576176610106	0.0756897118639681	0.0002712796813989504	0.110025983149293
20	(.05,.05)	0.05	0.1	0	-71313509.9164609	0.03743860962262191	0.0748602597509176	-71313497.6472819	0.03541250847904309	0.0749951507901622	0.0017354552175650184	0.127107417740879
20	(.05,.05)	0.05	0.1	0	-71341977.2922117	0.04945597076091701	0.0750749240204213	-71341961.8900518	0.04651541353543798	0.0750506662784192	0.002345782130720897	0.120095411458825
20	(.01,.01)	0.05	0.1	0	-71244016.8673976	0.008771675560762082	0.0747214772972361	-71243997.1289553	0.007726413238275942	0.0747192553717113	0.0028575175201051017	0.120815669114421
20	(.01,.01)	0.05	0.1	0	-71255148.8965082	0.009178639526664978	0.0751750897194297	-71255149.0007424	0.009253871737964103	0.0751783449068556	9.991293819955338e-06	0.129373820998902
20	(.01,.01)	0.05	0.1	0	-71289301.7559912	0.007372956388619012	0.0748674018092104	-71289301.81773	0.007376163696819926	0.0748670401070383	3.9053503809727275e-06	0.115499045214484
20	(.01,.01)	0.05	0.1	0	-71247364.193222	0.01077261828753906	0.0749822221043602	-71247364.7943382	0.010363590519459898	0.0750108320192539	7.164007874294054e-05	0.1275636000248
20	(.01,.01)	0.05	0.1	0	-71291052.7770255	0.007831506732665083	0.0744547814079731	-71291052.9729616	0.007721238978397937	0.0744654913736244	0.000431345275618944	0.102079157947645
20	(.01,.01)	0.05	0.1	0	-71286747.9761025	0.009175260821101094	0.0753069348848967	-71286746.3263286	0.009001257050358036	0.075280092695418	0.0007441464958369837	0.119995763764649
20	(.01,.01)	0.05	0.1	0	-71338557.4936325	0.010496370172842107	0.0749685184431865	-71338552.3295365	0.010282519167596038	0.0748759128900645	0.001731992856515041	0.128560502865986
20	(.01,.01)	0.05	0.1	0	-71299526.2767536	0.012467505801802004	0.0752288853517798	-71299524.4877987	0.012257733246341052	0.0752200783109567	0.0009393631885968867	0.103104839611765
20	(.01,.01)	0.05	0.1	0	-71259476.9467455	0.008830867887000049	0.0749957234781154	-71259477.9589445	0.008743990216062092	0.0750223676708628	2.3093289237996473e-05	0.10231674224254
20	(.01,.01)	0.05	0.1	0	-71251757.3596073	0.011618599492600912	0.0749248102929221	-71251756.9514673	0.011858765342221966	0.0749088328757249	0.0005045619925849731	0.100562159510749
20	(.01,.01)	0.05	0.1	0	-71264432.2743635	0.010079699980415024	0.075247201596324	-71264429.3544654	0.009723269603182927	0.0752490294848904	0.0015870074228169218	0.110659753519088
20	(.01,.01)	0.05	0.1	0	-71257036.374872	0.00951521441725689	0.0749630461056818	-71257034.5733624	0.00910450883340208	0.0749335739952542	0.0009662244153180177	0.100918389280707
20	(.01,.01)	0.05	0.1	0	-71282879.8218433	0.009284237913382065	0.0746069801517208	-71282863.9925962	0.008068997823439061	0.0748599710606431	0.002450688422458991	0.100514159540438
20	(.01,.01)	0.05	0.1	0	-71289950.2856953	0.00948871003088303	0.075369997260099	-71289950.2907775	0.0097505512683429	0.0753300565348148	3.355131995896876e-06	0.100118453514159
20	(.01,.01)	0.05	0.1	0	-71286248.3784255	0.010152100652860985	0.0752322413378825	-71286248.6394364	0.010059764361019963	0.0751673088375709	8.041615758302978e-05	0.104567651711451
20	(.01,.01)	0.05	0.1	0	-71340896.3652501	0.010218539404979965	0.0753029031621376	-71340896.3822506	0.010079874410277911	0.0753243613190188	4.764915239041656e-06	0.121499269817925
20	(.01,.01)	0.05	0.1	0	-71305940.8511601	0.009754869367317953	0.0750613661782082	-71305941.3618689	0.009481049491205096	0.0750642619346109	8.865817376291218e-05	0.127547040085289
20	(.01,.01)	0.05	0.1	0	-71245763.3448887	0.010359247090977908	0.0752417301861586	-71245744.6606204	0.010422019829776086	0.0752377102640398	0.0025645989743989794	0.129024649913446
20	(.01,.01)	0.05	0.1	0	-71274050.4449099	0.009525123902103028	0.0749370719357152	-71274050.8587956	0.009711934872477013	0.0749538851889884	9.396090483693165e-05	0.1283449707579
20	(.01,.01)	0.05	0.1	0	-71319670.6064056	0.008029621667717035	0.0751090221793302	-71319662.8917483	0.007840866417495929	0.0751029686602097	0.0015507290368610427	0.123200702565284
20	(.01,.01)	0.01	0.1	0	-71302715.3741661	0.008966365653939046	0.0950145242772804	-71302714.25723	0.008543561550414913	0.095047726562872	0.000892325020056095	0.120608625027797
20	(.01,.01)	0.01	0.1	0	-71292259.4536898	0.010647903408520065	0.0956991383382388	-71292238.1746693	0.00862072250237611	0.0952356932955671	0.0033892533332180452	0.101889970025981
20	(.01,.01)	0.01	0.1	0	-71284727.4403865	0.01100577042452211	0.0951969923919013	-71284719.9171275	0.009997597439201034	0.095221496338702	0.0013348825813769283	0.103745586991291
20	(.01,.01)	0.01	0.1	0	-71342713.3864569	0.011584789266221973	0.0950927351659491	-71342713.2672427	0.011814647577723103	0.0950668548478748	1.0627356921921738e-05	0.100776249811334
20	(.01,.01)	0.01	0.1	0	-71318501.6500948	0.008975632475136108	0.0952476003335023	-71318494.4621388	0.008174880004004903	0.0952084051873096	0.0018718247395970167	0.118051921844701
20	(.01,.01)	0.01	0.1	0	-71282602.7246661	0.009311306761640936	0.0950203407232323	-71282600.538613	0.008697960287324058	0.0949651020388441	0.0013434537772020194	0.101467679210413
20	(.01,.01)	0.01	0.1	0	-71279448.2210639	0.008321023241120051	0.0952852435782368	-71279448.9386458	0.008542906368059988	0.0952963029821269	4.9690589178919e-05	0.118794388428422
20	(.01,.01)	0.01	0.1	0	-71246623.0732093	0.01084900799243993	0.0952388859154164	-71246621.6784141	0.009945821029058943	0.0952386551017631	0.000873284739355995	0.100392322799613
20	(.01,.01)	0.01	0.1	0	-71275157.6005441	0.007632751744218957	0.0951900036398172	-71275156.5716864	0.006939444320817056	0.095189729138474	0.001092060045463028	0.100495444064285
20	(.01,.01)	0.01	0.1	0	-71251644.6483607	0.008453795849361012	0.0949228503747265	-71251644.6852464	0.008242349823998074	0.0949373467797597	0.000704275699856094	0.103279178234313
20	(.01,.01)	0.01	0.1	0	-71308518.1525095	0.006533100186162932	0.0951211035438759	-71308518.772053	0.006517283220740966	0.0951050705216132	4.914976899805801e-05	0.100726529758677
20	(.01,.01)	0.01	0.1	0	-71321608.158536	0.007731273669117966	0.0951135063426036	-71321608.92279	0.007686718865700937	0.0951131667533978	0.0002724068688219061	0.124622328207737
20	(.01,.01)	0.01	0.1	0	-71321450.3416991	0.009238801597461932	0.0949754349662043	-71321439.1518252	0.008792697422198015	0.0949645560784812	0.0016552715951180241	0.129572957887981
20	(.01,.01)	0.01	0.1	0	-71297183.4122982	0.00693401710123609	0.0954583023613223	-71297183.5346022	0.006555949582935927	0.0955014549198848	0.0002727989055840707	0.101196163681492
20	(.01,.01)	0.01	0.1	0	-71336816.8035516	0.010900328218101052	0.0950700767525898	-71336816.9947114	0.010888778375339081	0.0950703783280584	0.00028473510801996227	0.107539785227537
20	(.01,.01)	0.01	0.1	0	-71263745.2813457	0.008101486972903027	0.0950996974397801	-71263746.0484959	0.007942757290479996	0.0950764780730764	0.0001050012807819467	0.110929434779406
20	(.01,.01)	0.01	0.1	0	-71294637.6948045	0.008178094727158913	0.0950161691975202	-71294631.9360439	0.007742018401683093	0.0950047794348362	0.0010442450217990062	0.129231904871093
20	(.01,.01)	0.01	0.1	0	-71273555.6377406	0.009011816399120964	0.0953694990600113	-71273555.8279244	0.009087365532579939	0.0953754869425299	5.361807050097145e-05	0.100994768722955
20	(.01,.01)	0.01	0.1	0	-71257080.2025853	0.0073820699240610965	0.0951225484307359	-71257080.9565201	0.0076802141097979115	0.0951119033958476	0.0005254114050409209	0.124222337008877
20	(.01,.01)	0.01	0.1	0	-71269573.9079677	0.00859538811543692	0.0950109342983121	-71269574.0923849	0.008647028879957053	0.095003321912664	5.729550032307351e-05	0.100136927748132
20	(.05,.05)	0.01	0.02	4	-71333197.822426	0.06152276391771494	0.0955825917283201	-71332997.3776867	0.058824936765439984	0.0951034820766417	0.007787744396982044	0.1273638812915
20	(.05,.05)	0.01	0.02	4	-71398213.3199499	0.056321923772919	0.0953403190396407	-71398067.8546219	0.054102412350301	0.0953637844758359	0.007167760504177001	0.129737147112535
20	(.05,.05)	0.01	0.02	4	-71326446.7879504	0.050435720884823065	0.095083110626868	-71326333.5244744	0.046957598469221984	0.0950761287202052	0.006468154481537924	0.121366984485271
20	(.05,.05)	0.01	0.02	4	-71326515.0147934	0.0445574510038379	0.0950818545520403	-71326439.8205211	0.03770163919251701	0.0949195690943068	0.005230716819503933	0.117107246180995
20	(.05,.05)	0.01	0.02	4	-71365474.6716731	0.05556224260937692	0.0950814854711258	-71365352.5620381	0.048473261942684975	0.095083029543716	0.007434251309378914	0.128421669421691
20	(.05,.05)	0.01	0.02	4	-71335898.5693544	0.05482276818368492	0.0949566819602853	-71335816.4095477	0.05021709923044193	0.0939107585823892	0.005818687591657046	0.121072102706458
20	(.05,.05)	0.01	0.02	4	-71342635.6414324	0.04825087907730108	0.095080754095608	-71342555.9538606	0.045350765641518964	0.0950317257302936	0.00502977057353704	0.121046341104438
20	(.05,.05)	0.01	0.02	4	-71371168.3915826	0.05153202025683701	0.0947314418476803	-71371111.7812067	0.05018595722068098	0.0946815598771216	0.004255623736363012	0.125348804592614
20	(.05,.05)	0.01	0.02	4	-71303920.5032112	0.04844390286206002	0.0943546520105549	-71303803.5997479	0.051607914669362986	0.0937854012675348	0.006535598022681888	0.129216835305505
20	(.05,.05)	0.01	0.02	4	-71329053.014308	0.045763378938457056	0.0948885266533526	-71328814.9535026	0.04114628921761998	0.0949009677892622	0.009352788326221106	0.125242919248121
20	(.05,.05)	0.01	0.02	4	-71348363.1325968	0.051867052415701	0.0956923818676718	-71348261.8066417	0.04560938178996099	0.0953545737812409	0.006025090759936069	0.124325655860034
20	(.05,.05)	0.01	0.02	4	-71398492.8502634	0.0459127868227619	0.0950813282259941	-71398402.1766102	0.04091725994267703	0.0950382992503985	0.005508731523775068	0.122928575885873
20	(.05,.05)	0.01	0.02	4	-71384845.0611484	0.05089715502530301	0.094350733575707	-71384691.1281951	0.053207338211978095	0.0936180954767707	0.006880921249723948	0.129991210298157
20	(.05,.05)	0.01	0.02	4	-71397909.0877428	0.049853874293041	0.095074824801677	-71397804.3947045	0.04729038787955597	0.0952257049607766	0.005663431465798063	0.129818526020758
20	(.05,.05)	0.01	0.02	4	-71322925.1560239	0.048173921464235936	0.0948999901729549	-71322872.6201577	0.045544804140337014	0.0948758184365248	0.004224260685074976	0.124326781070706
20	(.05,.05)	0.01	0.02	4	-71382379.9460354	0.0422399378718451	0.0950928453073365	-71382302.6265158	0.04035446062654391	0.0951057042737935	0.00519206868073796	0.12617984083604
20	(.05,.05)	0.01	0.02	4	-71290162.3190168	0.04499969818020011	0.0952313078054412	-71290091.2948108	0.04242613223100389	0.0950772289019952	0.005093235659582973	0.123646056967584
20	(.05,.05)	0.01	0.02	4	-71332977.3240593	0.04867710858929897	0.0951418062384484	-71332913.4903234	0.045013392979582956	0.095161243645278	0.005055025110280109	0.12231007123162
20	(.05,.05)	0.01	0.02	4	-71323452.1927408	0.03837890131463606	0.0953470119113421	-71323268.2377756	0.03417880981849908	0.0953863016914685	0.007971521907262025	0.124251410899929
20	(.05,.05)	0.01	0.02	4	-71387792.0084846	0.04818356342086505	0.0941281826486657	-71387659.9475754	0.039129510712656024	0.094289768711364	0.0066212889310359735	0.129481197086974
20	(.05,.05)	0.05	0.1	4	-71346272.6529853	0.04734605776756107	0.0752190144289429	-71346262.888013	0.04596966464597796	0.0752825310019516	0.0014099376287450838	0.126266137773043
20	(.05,.05)	0.05	0.1	4	-71375705.9381396	0.046671689273357075	0.0750489441092579	-71375695.9905535	0.04434766427727699	0.0750096585178973	0.001946425619143044	0.123281714661611
20	(.05,.05)	0.05	0.1	4	-71400764.2462218	0.058191687403937986	0.0744022856496804	-71400763.7041769	0.05596626906358504	0.074581968086825	0.0004435554258650498	0.1241529478447
20	(.05,.05)	0.05	0.1	4	-71338403.5057567	0.051691227555178965	0.0752613976795113	-71338386.8812309	0.04556678953742199	0.0752490530907573	0.0028206139794240137	0.100487023068382
20	(.05,.05)	0.05	0.1	4	-71327749.1031157	0.04250288959348003	0.0747117835413954	-71327748.5661542	0.04206920243259604	0.0747763096109151	0.0005952452662549845	0.112843867782112
20	(.05,.05)	0.05	0.1	4	-71378332.8728084	0.045855284351383085	0.0751269289752287	-71378318.8974925	0.0427768663694581	0.0751542637184943	0.0022287051089810994	0.129638101148272
20	(.05,.05)	0.05	0.1	4	-71325958.3170515	0.04415643528797597	0.0749805051004279	-71325946.5811442	0.04098961324236006	0.0749736081929965	0.0021120712065760827	0.128928282948911
20	(.05,.05)	0.05	0.1	4	-71345075.839272	0.047641908735639005	0.0750965374186009	-71345075.9293478	0.046852705410085016	0.0750225886964289	2.10930427589906e-05	0.112359439545685
20	(.05,.05)	0.05	0.1	4	-71331380.1105469	0.04671446611604102	0.0749856001020354	-71331379.8571427	0.04459518701182097	0.0750084763507918	0.0005065133905989283	0.104615834303284
20	(.05,.05)	0.05	0.1	4	-71304269.070697	0.053850835957842014	0.0751623563402106	-71304253.929426	0.049688913247665	0.0750913826661393	0.0021513451436409037	0.10849940721653
20	(.05,.05)	0.05	0.1	4	-71368960.2617534	0.04417841662618194	0.0752011030996614	-71368958.6654279	0.04241776822940302	0.0751927402235701	0.0006892348840370488	0.103958467282998
20	(.05,.05)	0.05	0.1	4	-71370790.6539201	0.05203726263650099	0.0751794667992122	-71370762.3712248	0.04354212402495805	0.0751295291406374	0.0037773854510368965	0.100968547794805
20	(.05,.05)	0.05	0.1	4	-71364936.6759817	0.043862103810784925	0.075230602811076	-71364929.6146402	0.04181633517880201	0.0745636630201534	0.001494245636357916	0.116815797223106
20	(.05,.05)	0.05	0.1	4	-71355339.8060443	0.05847457889431895	0.0752300938012953	-71355336.116386	0.05565622897366396	0.075215239516254	0.001213655025977034	0.113816400811222
20	(.05,.05)	0.05	0.1	4	-71403893.8992288	0.051009048659442	0.0750823661264333	-71403879.0167842	0.043905118763920004	0.0750822406317987	0.0025714473890980916	0.10277306896699
20	(.05,.05)	0.05	0.1	4	-71388264.5711738	0.04862952604656201	0.0750783030445177	-71388262.6483787	0.04686548321651807	0.0750802097155406	0.0010061493166428903	0.100986323284301
20	(.05,.05)	0.05	0.1	4	-71384357.0330984	0.05130078127797599	0.0750991606097484	-71384344.0765091	0.04537695933988306	0.0751251780269111	0.0025754516004419248	0.102922123031311
20	(.05,.05)	0.05	0.1	4	-71320564.3347885	0.05406248072958508	0.0748396492017943	-71320560.1601069	0.05170365654556397	0.0748066362554433	0.001172987345205101	0.101434542083233
20	(.05,.05)	0.05	0.1	4	-71347782.4273531	0.04622549270317711	0.0756844539222456	-71347770.7132993	0.04393769899523603	0.075610102052857	0.0019679009370590084	0.118785929384634
20	(.05,.05)	0.05	0.1	4	-71318521.6623581	0.05649702269737811	0.0752273186971111	-71318510.6569256	0.05375141481273993	0.0752347507748089	0.0014200625038999215	0.129491931575314
20	(.01,.01)	0.01	0.02	4	-71339301.654633	0.008509227771396066	0.0951461812872627	-71339293.6686579	0.008907455732019898	0.0951045947210295	0.0015195372709640997	0.125537521323235
20	(.01,.01)	0.01	0.02	4	-71308626.4036309	0.00921634847664099	0.0950687953656666	-71308624.1908225	0.009416731765194974	0.0950553590981638	0.000863417150536061	0.113272844392589
20	(.01,.01)	0.01	0.02	4	-71285830.194014	0.010838920235303084	0.0948741135504224	-71285825.7907549	0.010151565836438947	0.0947822290336903	0.0014439482056619601	0.110553435153521
20	(.01,.01)	0.01	0.02	4	-71298400.7125534	0.010123105158461931	0.0950421580381368	-71298399.8271899	0.009525907056959104	0.0950078601921283	0.000652314575717905	0.111831214673699
20	(.01,.01)	0.01	0.02	4	-71296425.5880752	0.009022028499424017	0.095451204707819	-71296414.8918842	0.008749296685119923	0.09548289372835	0.0021678147593240382	0.128891029427737
20	(.01,.01)	0.01	0.02	4	-71311255.1620574	0.00970000105854496	0.0947770266334368	-71311246.1744	0.009851142442314997	0.0947886450170976	0.0017728816860980157	0.12830188915495
20	(.01,.01)	0.01	0.02	4	-71250548.6687235	0.009054349811557061	0.0951297377526893	-71250547.4668208	0.009162540847681977	0.0951121926345042	0.0006607163970449026	0.126642076566008
20	(.01,.01)	0.01	0.02	4	-71203172.62658	0.006759925655037913	0.0951223447473501	-71203168.9897396	0.006546716595779101	0.0950796295938498	0.0010871529699179039	0.105812190917887
20	(.01,.01)	0.01	0.02	4	-71377993.6685309	0.008906538922718976	0.0948639108648905	-71377987.7874634	0.009153730322982945	0.0947559869041908	0.001386720283600984	0.12743819700777
20	(.01,.01)	0.01	0.02	4	-71337503.0591353	0.009187825465019062	0.0948762755205826	-71337498.2185384	0.00885384280014101	0.0947735605483905	0.0012201776755200733	0.114771154874176
20	(.01,.01)	0.01	0.02	4	-71249217.4328005	0.012664550150824017	0.0952371418245495	-71249210.3042582	0.011544657212820941	0.0950417224372417	0.001858806642277	0.100498725256508
20	(.01,.01)	0.01	0.02	4	-71343968.2139947	0.007918890465598016	0.0947617143904361	-71343966.57444	0.00758672415139805	0.0948748586074137	0.0007217102863609215	0.101891869609962
20	(.01,.01)	0.01	0.02	4	-71278808.396336	0.009288972743739965	0.0950475118861359	-71278804.647789	0.009137051284363928	0.0950586930689577	0.0008000968751971094	0.108423106402788
20	(.01,.01)	0.01	0.02	4	-71253094.650616	0.010276626871860928	0.0951783174041649	-71253094.5707462	0.010535257071563997	0.0952403632551912	0.0007048644011589111	0.124917216710582
20	(.01,.01)	0.01	0.02	4	-71218886.2703001	0.008057094182283064	0.0951328427591873	-71218885.9875719	0.008303481557879966	0.0946559969562501	0.00021483112442310937	0.103755674871299
20	(.01,.01)	0.01	0.02	4	-71219870.164361	0.011719491755137978	0.0950638536750133	-71219864.9311536	0.011856964324163943	0.0950174401215589	0.0012857007730359138	0.117362919278572
20	(.01,.01)	0.01	0.02	4	-71314450.5040759	0.008911696254800927	0.0950575203125828	-71314449.582968	0.008496687589064966	0.0950404447722731	0.0005079863742369906	0.105867374818519
20	(.01,.01)	0.01	0.02	4	-71289734.1784556	0.009114048579280998	0.0943063469352965	-71289733.4736076	0.008533492056235104	0.0943048261114647	0.001023836830522984	0.104837289398345
20	(.01,.01)	0.01	0.02	4	-71276292.9809473	0.008247304194640037	0.095166889445625	-71276286.081103	0.008267628382378933	0.0952013148704298	0.0014446477279759229	0.114953013897466
20	(.01,.01)	0.01	0.02	4	-71295562.5245049	0.008932175919838081	0.0947653533682481	-71295543.9609047	0.008367697478297909	0.0948238380593036	0.00220898553678206	0.120296705090917
20	(.05,.05)	0.05	0.02	4	-71307500.2336862	0.045715961419421025	0.0748622232170156	-71307457.5675996	0.046849774617040096	0.0749357924095735	0.003347636205516036	0.116650739785452
20	(.05,.05)	0.05	0.02	4	-71333809.3057131	0.04914781674696189	0.0750897615680483	-71333763.2840655	0.046702608833698034	0.0750913891034316	0.0036861595445789597	0.107010407818015
20	(.05,.05)	0.05	0.02	4	-71286922.1163984	0.05039178554593604	0.0750452811543817	-71286789.1982504	0.04485917517480309	0.0750557260433499	0.00641875066003994	0.105109483912589
20	(.05,.05)	0.05	0.02	4	-71341679.6646886	0.03710380651354006	0.0749297703878227	-71341555.8471283	0.03518892971269694	0.0748638995961592	0.006022118242001939	0.104785144502683
20	(.05,.05)	0.05	0.02	4	-71321397.3767089	0.05247831163695804	0.0740747129921113	-71321282.8960319	0.05115738676995896	0.0741540935679722	0.006614218580296982	0.127040445123195
20	(.05,.05)	0.05	0.02	4	-71341842.2590882	0.05313658320191894	0.0750570952412373	-71341751.175969	0.047695606483035946	0.0749081766200302	0.005498221412381099	0.100115858611365
20	(.05,.05)	0.05	0.02	4	-71355622.3540196	0.06618326543721598	0.0749164648120035	-71355410.3600575	0.06393182620114102	0.0738312592140193	0.008192628722921036	0.112166864972226
20	(.05,.05)	0.05	0.02	4	-71321221.8883429	0.054924198423099924	0.074858912022984	-71321126.0294245	0.055844151857219027	0.0747513110534652	0.00551920316745691	0.116002330773008
20	(.05,.05)	0.05	0.02	4	-71319692.4049847	0.05271055969956295	0.0748179384447647	-71319629.8303215	0.04853043947464308	0.074693117244034	0.004719509492216001	0.103258166827826
20	(.05,.05)	0.05	0.02	4	-71387411.3844466	0.042274696487976104	0.0752060841927537	-71387362.2623231	0.04133810190369491	0.0752066798587642	0.003925192936894972	0.113400273964048
20	(.05,.05)	0.05	0.02	4	-71348925.5381851	0.040220726719522926	0.0750743630587709	-71348815.7099707	0.040140860582015936	0.0750447921505007	0.005794481889083047	0.110087707526031
20	(.05,.05)	0.05	0.02	4	-71372443.1490471	0.045090473163203915	0.0750607512137828	-71372205.8013534	0.04532337879765902	0.0750891914829461	0.008911806189115912	0.114618182235141
20	(.05,.05)	0.05	0.02	4	-71346760.2547184	0.052411477404843976	0.0752705724398099	-71346665.5577174	0.04838190856962099	0.0751858804855052	0.00563453538683889	0.102544867753362
20	(.05,.05)	0.05	0.02	4	-71412672.7280277	0.06268395759065792	0.075777759172976	-71412524.6994769	0.06350228602698405	0.0756877025082865	0.006556251261460977	0.113502100168398
20	(.05,.05)	0.05	0.02	4	-71282688.020199	0.04359170847473692	0.0752579485078174	-71282574.375965	0.04349950510102196	0.0752749501967215	0.005808311598724081	0.105763520728621
20	(.05,.05)	0.05	0.02	4	-71325958.4987034	0.04584529015291494	0.0750878761787937	-71325706.7375126	0.042621526172437973	0.0748204761252153	0.008666828545221938	0.107538940225857
20	(.05,.05)	0.05	0.02	4	-71411806.2681658	0.04135739704170005	0.0754072575651715	-71411705.9588852	0.037661635162575924	0.0754018885330972	0.005512868520843095	0.106957661628472
20	(.05,.05)	0.05	0.02	4	-71306131.3753842	0.04679751773551699	0.0750874751285913	-71306000.3676285	0.0458399758834821	0.0750844423702765	0.007179871295658891	0.101969847421052
20	(.05,.05)	0.05	0.02	4	-71321558.7439854	0.04398868235435893	0.0752560868266366	-71321509.2596721	0.04439478208671599	0.0751898711672694	0.003667466968220068	0.125526964716644
20	(.05,.05)	0.05	0.02	4	-71354555.1415537	0.056844599497139936	0.0751854904508119	-71354382.7421824	0.055545371447524916	0.0751719610699488	0.006364313298998003	0.112191321260804
20	(.01,.01)	0.05	0.02	4	-71280679.7577346	0.010995885071804046	0.0760077632937734	-71280625.5424106	0.011148788888500905	0.0761434080504072	0.00490301381409608	0.104191705757595
20	(.01,.01)	0.05	0.02	4	-71320022.2232627	0.00908608539656297	0.0749721905516988	-71320018.1554365	0.009318795650064993	0.0749460615442031	0.001193812753397916	0.118788311075253
20	(.01,.01)	0.05	0.02	4	-71271479.2347972	0.007294434782560089	0.0751135969512479	-71271479.8978502	0.007327629614259923	0.0752009433152468	1.3622186395112479e-05	0.123516535651049
20	(.01,.01)	0.05	0.02	4	-71352650.2931149	0.008536264578237085	0.0751015958232066	-71352648.0666409	0.008387195331142072	0.075080043367045	0.0010103662811570269	0.120368561696198
20	(.01,.01)	0.05	0.02	4	-71302908.4373957	0.006088260960663949	0.0751155475274866	-71302874.9064565	0.005760545030297992	0.0751190198371052	0.0037928613371560616	0.101625828564798
20	(.01,.01)	0.05	0.02	4	-71248053.473172	0.009851076423615046	0.0759538864679264	-71248053.2661027	0.010085101118761042	0.0759663677699143	0.000445332737719073	0.1136109989828
20	(.01,.01)	0.05	0.02	4	-71214243.5915496	0.010950895304980057	0.0747072498969425	-71214236.4638195	0.011335878170279923	0.0747157465490576	0.00185489255010296	0.101788359091996
20	(.01,.01)	0.05	0.02	4	-71288018.7705985	0.010349626750117968	0.0747927725627591	-71287979.4431916	0.010171546405560061	0.074855155092569	0.003566363653242033	0.109289757518209
20	(.01,.01)	0.05	0.02	4	-71266841.9933379	0.009765746374363893	0.0750518720600961	-71266777.6233096	0.01011992399705508	0.0750850203786064	0.004164559861042028	0.112378869839529
20	(.01,.01)	0.05	0.02	4	-71273222.5482329	0.009965441768658101	0.0748529674920378	-71273197.4256111	0.009636353986603008	0.0748438352695029	0.0031363213516010235	0.10705627217896
20	(.01,.01)	0.05	0.02	4	-71338153.8954305	0.009119056040963969	0.0752192416883654	-71338153.9169037	0.008900457598443046	0.0751157652794749	5.772878521104197e-06	0.106083763502912
20	(.01,.01)	0.05	0.02	4	-71315223.0376972	0.00933943779759605	0.0752693846803493	-71315221.5927466	0.009183664621879917	0.0752641674975055	0.0004795193073000581	0.128521484495513
20	(.01,.01)	0.05	0.02	4	-71288430.2347831	0.009333566350482103	0.0752273946258761	-71288425.9823484	0.008892442644338083	0.075217207797983	0.0009351952938159158	0.114983666931247
20	(.01,.01)	0.05	0.02	4	-71261337.3044489	0.009638012250195893	0.0752467887816449	-71261337.8464226	0.009964333770763	0.0752564395025207	1.5986335999973456e-05	0.129836852422839
20	(.01,.01)	0.05	0.02	4	-71275629.6841667	0.010783335123538018	0.0749097371927437	-71275620.8228198	0.010866724926279936	0.0748887803180403	0.001901540747836994	0.108446450399127
20	(.01,.01)	0.05	0.02	4	-71276695.5719015	0.01146016846494391	0.0752527328741437	-71276676.1646462	0.011157660935500968	0.0752644080089075	0.0030279546803220203	0.103764678159197
20	(.01,.01)	0.05	0.02	4	-71408541.5763281	0.009564550344477896	0.0751085598248128	-71408541.1915181	0.009309144780683898	0.0750957696813126	0.000620566706742931	0.107119498323602
20	(.01,.01)	0.05	0.02	4	-71269645.6425009	0.007566474596778949	0.0754026989866675	-71269632.2442064	0.007545785279100992	0.0753974168447772	0.002318917970436929	0.101474132211864
20	(.01,.01)	0.05	0.02	4	-71253846.9482187	0.00835576687859707	0.0745982511987962	-71253838.0082508	0.008622243987402967	0.074626118457495	0.001722223724876959	0.10744952403063
20	(.01,.01)	0.05	0.02	4	-71292050.8606482	0.01013247185415711	0.0752438634925303	-71292047.2688328	0.01015832707973996	0.0751880084705802	0.001227596369557049	0.121702738953728
20	(.05,.05)	0.01	0.1	4	-71326892.7710778	0.038894119297916974	0.0951243543333294	-71326865.7488504	0.03096415056022095	0.0950603912689849	0.0035313652011980112	0.111719848436175
20	(.05,.05)	0.01	0.1	4	-71328225.263603	0.04852758447572092	0.0954466472885172	-71328187.7574464	0.04166559041387907	0.0952455144409671	0.0036681994617761005	0.127457491148272
20	(.05,.05)	0.01	0.1	4	-71310202.5587242	0.053028349222623006	0.0950382495025567	-71310191.8614713	0.0468632900002629	0.0950355483665216	0.0027081367557019176	0.106756288856164
20	(.05,.05)	0.01	0.1	4	-71292761.4660617	0.04642565345241989	0.0945181833143753	-71292747.8815427	0.04273153083052095	0.0945076179354627	0.0022396923900779298	0.128310327987398
20	(.05,.05)	0.01	0.1	4	-71352061.6392946	0.043378420473602075	0.0946563927506817	-71352050.1910798	0.03857449492559906	0.0946804443980119	0.0033975918188389187	0.100924367328503
20	(.05,.05)	0.01	0.1	4	-71289396.2265449	0.04702657757928008	0.0953471915470086	-71289395.3140052	0.044829305785239915	0.0952270935354659	0.0005282997719791016	0.115829209334392
20	(.05,.05)	0.01	0.1	4	-71343593.8950791	0.04996856666063998	0.0953436862164861	-71343587.2609854	0.04630741683486306	0.0952809931195263	0.0015464461767359383	0.104703857165721
20	(.05,.05)	0.01	0.1	4	-71314599.7233102	0.04490255359167805	0.0952305644157522	-71314597.8165227	0.043348222253002944	0.0950481573188236	0.0006646565787039593	0.112498949117793
20	(.05,.05)	0.01	0.1	4	-71332658.7508528	0.054053605352561096	0.0957121357459677	-71332636.7894629	0.048429706985537946	0.0953048188133286	0.002864680905443895	0.128578455013972
20	(.05,.05)	0.01	0.1	4	-71348356.0276302	0.05928751491093598	0.0948842501373866	-71348356.4582802	0.056917679708802904	0.0949407493514515	0.0006882148592809445	0.107623323539854
20	(.05,.05)	0.01	0.1	4	-71376189.4149072	0.048597229145936005	0.0947586588077962	-71376189.8708624	0.047317793618418924	0.0947479753342838	2.5374389937993236e-05	0.100857801521372
20	(.05,.05)	0.01	0.1	4	-71385856.3410502	0.047942132174203955	0.0950360258429592	-71385845.8011414	0.043032361221723936	0.0950388407793052	0.002201840269796973	0.106848129828033
20	(.05,.05)	0.01	0.1	4	-71331852.0198772	0.05053958620265897	0.0949047995473451	-71331850.1613724	0.04776218366664209	0.0948099250245898	0.002155200529478929	0.100138978377686
20	(.05,.05)	0.01	0.1	4	-71365138.2894768	0.0501612301852169	0.0950861823105884	-71365133.6390261	0.04712508825738293	0.095108637439784	0.001603119717980106	0.103412248007077
20	(.05,.05)	0.01	0.1	4	-71342159.5190996	0.0513584101612411	0.0952091611961675	-71342158.0648682	0.04854030413842392	0.0952120265597288	0.0013023204494448937	0.100486430937297
20	(.05,.05)	0.01	0.1	4	-71345960.6206498	0.05003753999913907	0.0948656567482551	-71345920.7954161	0.04202219241424099	0.0949067137750391	0.004390786565776961	0.112332398412614
20	(.05,.05)	0.01	0.1	4	-71389740.0086224	0.06605101299681593	0.0952085242247233	-71389732.4848415	0.06388919576273899	0.0952160393701695	0.0013387837839570205	0.128996955995435
20	(.05,.05)	0.01	0.1	4	-71371957.7128326	0.04780446253530102	0.0948413883715554	-71371954.3519437	0.046238875768735976	0.0947767115922099	0.0010844646721389628	0.119584382857968
20	(.05,.05)	0.01	0.1	4	-71408969.1827303	0.051891853452096015	0.0956255482662243	-71408961.5846208	0.047837924907683016	0.0955597620862081	0.0017730476867618972	0.127601893133663
20	(.05,.05)	0.01	0.1	4	-71362782.4385081	0.05290677021227996	0.0958175879907595	-71362776.9029889	0.0476034221107039	0.0956973560218618	0.0018519367362569428	0.10834407023714
20	(.05,.05)	0.01	0.02	0	-71389598.2081606	0.05523453921697696	0.0948143728817803	-71389503.6590905	0.0530459491070191	0.0947636778097064	0.005634411438803055	0.128991666093347
20	(.05,.05)	0.01	0.02	0	-71326733.7024165	0.03951288484257898	0.0949855906069526	-71326616.5323966	0.03555766916551906	0.0949779124893302	0.00646166710450391	0.122835666981231
20	(.05,.05)	0.01	0.02	0	-71342552.3048354	0.05081464330468011	0.0943008744704354	-71342399.9306229	0.050332654579476	0.0940750255842975	0.0070273405046829	0.124344457295887
20	(.05,.05)	0.01	0.02	0	-71301226.3121651	0.04057996689120402	0.094546019780946	-71301042.1516812	0.03757492067092205	0.0945426694426996	0.007914312936921908	0.123749743238211
20	(.05,.05)	0.01	0.02	0	-71368025.6396018	0.0497885960691421	0.0942868235367114	-71367950.4560407	0.048082510882759055	0.0942741809283086	0.004775693787241075	0.126961018975553
20	(.05,.05)	0.01	0.02	0	-71358910.3729418	0.051815601536380096	0.093707332312194	-71358746.1535302	0.045490700335360956	0.093627650946015	0.006402037202002053	0.128445440975551
20	(.05,.05)	0.01	0.02	0	-71317820.4592717	0.05039662475360207	0.0950373525581878	-71317802.9851241	0.03981572910909603	0.0950301619920209	0.0031771606760180315	0.107802368825188
20	(.05,.05)	0.01	0.02	0	-71313501.9506886	0.053390548308616004	0.0952132736419405	-71313406.0525431	0.04522613477030091	0.0950819176980356	0.0059535008486970575	0.127144562592371
20	(.05,.05)	0.01	0.02	0	-71357938.6465543	0.040347886572620895	0.0951387256088948	-71357889.2658375	0.040420784844324986	0.0951417764639924	0.004269912339294968	0.124746857149842
20	(.05,.05)	0.01	0.02	0	-71329912.6540532	0.050982743406942976	0.0950018982395418	-71329777.480424	0.04638243647186191	0.0949860643516141	0.006924083562663053	0.123882878110858
20	(.05,.05)	0.01	0.02	0	-71394406.9380818	0.046247369510397096	0.0949359804172716	-71394310.5975645	0.04479827921549906	0.0947511928566292	0.005441082702118072	0.127919337977139
20	(.05,.05)	0.01	0.02	0	-71350083.4232053	0.05218758925128508	0.0958250781679727	-71349949.2966898	0.04884882347181907	0.0958302841071874	0.005973667104436031	0.125867557216933
20	(.05,.05)	0.01	0.02	0	-71369401.8381573	0.051266336117464006	0.095382624248588	-71369141.0609536	0.046683378024523936	0.095081572680263	0.00938724161627802	0.12624216365599
20	(.05,.05)	0.01	0.02	0	-71326638.8533205	0.0522450987035451	0.0949540446010552	-71326552.698633	0.05281768819165511	0.0950804742899302	0.00544937733777906	0.128892823145256
20	(.05,.05)	0.01	0.02	0	-71318279.249392	0.05831175668371691	0.0949501495706213	-71318143.8230131	0.05327965705853899	0.0949417768657906	0.006630116694223975	0.12647877821418
20	(.05,.05)	0.01	0.02	0	-71356125.8480662	0.04738642334151999	0.0950327739094074	-71356034.1646963	0.05121466990047696	0.0950269355133978	0.005597144032562951	0.12999365665802
20	(.05,.05)	0.01	0.02	0	-71296354.6861835	0.04767051804812006	0.0952698248934336	-71296226.7189052	0.047561471080755036	0.0952836595916917	0.006176329157318028	0.128878042191713
20	(.05,.05)	0.01	0.02	0	-71290361.2267815	0.05143359724148311	0.09497102828291	-71290298.8599596	0.04243420277091503	0.0949278694241595	0.0053914484674050245	0.122548654742478
20	(.05,.05)	0.01	0.02	0	-71338501.3741877	0.05717443514021603	0.0951329350338752	-71338349.4540936	0.04625259076222299	0.093849513018828	0.007894582888796076	0.117758834153986
20	(.05,.05)	0.01	0.02	0	-71322470.3221201	0.05999898273828097	0.0956982031500946	-71322308.0053233	0.054419378472897906	0.0954724970885321	0.007402126960882938	0.129969980265807
20	(.05,.05)	0.01	0.1	0	-71387047.0976224	0.0509960468692191	0.0954780409679582	-71387040.6221366	0.04926483575499796	0.095455266119351	0.0012381962297439708	0.114924994669543
20	(.05,.05)	0.01	0.1	0	-71332561.0831081	0.0479799121755029	0.095606181015004	-71332534.3673579	0.042843556757584	0.0950603986009564	0.003410708791777073	0.107329900619615
20	(.05,.05)	0.01	0.1	0	-71313071.0064888	0.051613522226941044	0.0954390384966972	-71313063.2080428	0.04877933752115904	0.0955711042295573	0.0011879412212549845	0.117151712985386
20	(.05,.05)	0.01	0.1	0	-71370880.3794979	0.05001712317712004	0.0952341072750337	-71370844.321883	0.03852600699174402	0.094630899778462	0.0071226294696149495	0.100830001939529
20	(.05,.05)	0.01	0.1	0	-71321996.3992135	0.0408034816976619	0.0950359967032348	-71321989.6623712	0.03491295904926195	0.0950333756063914	0.0023603327987380407	0.129202514239238
20	(.05,.05)	0.01	0.1	0	-71378072.4352497	0.04963985347912392	0.0950120728441873	-71378061.1355692	0.04723258589229906	0.0950325155871784	0.0015900902165238984	0.11668220603647
20	(.05,.05)	0.01	0.1	0	-71314279.6989689	0.054467369248215936	0.0946896580676231	-71314275.8123148	0.05264406723721704	0.0946450149386932	0.0008256685910220662	0.115797966565921
20	(.05,.05)	0.01	0.1	0	-71359998.3590565	0.04294564735253503	0.0952340908127346	-71359985.0343719	0.03893760629367993	0.0952268174125775	0.0026131071816208884	0.111814480379014
20	(.05,.05)	0.01	0.1	0	-71329213.7202088	0.05176136561518496	0.095332100914774	-71329213.0198543	0.05047113711148199	0.0953385728177917	0.0003722634030018934	0.103888746689903
20	(.05,.05)	0.01	0.1	0	-71360203.4558611	0.05416308587784491	0.0950777039546102	-71360191.3932692	0.04981502001608107	0.0950367277169186	0.0017202713806979686	0.115000681890187
20	(.05,.05)	0.01	0.1	0	-71390671.6685004	0.04128101556702091	0.0946590008921185	-71390671.3971548	0.040941409547780916	0.0947096143989776	0.0004379095696199764	0.117033745565699
20	(.05,.05)	0.01	0.1	0	-71364948.6384101	0.04413194419962296	0.0950818452532076	-71364926.6491909	0.03813878209065791	0.0950475379067722	0.002974011710801916	0.110447407701288
20	(.05,.05)	0.01	0.1	0	-71317198.6997124	0.05390829275403797	0.0958686909797475	-71317181.1162449	0.05191000659883904	0.0956491384241708	0.0021549514189000973	0.129776171402376
20	(.05,.05)	0.01	0.1	0	-71381044.7735655	0.05144333847175697	0.0949399249376661	-71381041.2288443	0.0509776697285389	0.0949387195678676	0.0011247045750010232	0.102857092559877
20	(.05,.05)	0.01	0.1	0	-71319361.1124878	0.051853695706964964	0.094587547296479	-71319349.9277582	0.04514987958128003	0.0945295719644101	0.002434606081241908	0.104945717117537
20	(.05,.05)	0.01	0.1	0	-71298606.7644311	0.051557203787876094	0.0945360463144732	-71298606.4845624	0.05168361030860191	0.0945036197508631	5.02824973150906e-05	0.120084898292745
20	(.05,.05)	0.01	0.1	0	-71337406.2676206	0.04847799440997591	0.0945311829224157	-71337403.6812124	0.04616281522730403	0.0945241882284486	0.0008717160490190334	0.103341290738419
20	(.05,.05)	0.01	0.1	0	-71378189.6999175	0.05651486196680411	0.0948399469731809	-71378188.3147327	0.053832219967056005	0.0947193306899695	0.0007763772013800185	0.118213012449516
20	(.05,.05)	0.01	0.1	0	-71315733.2112014	0.04920716396429692	0.095051582848762	-71315732.9041887	0.048209862464023034	0.095047077245374	0.0004997074593650064	0.127247901547042
20	(.05,.05)	0.01	0.1	0	-71337359.9349115	0.05729270607929593	0.0950296795009499	-71337354.5310582	0.05513085505959503	0.0950157389150583	0.0009539342939169915	0.109496057280452
20	(.01,.01)	0.01	0.02	0	-71279177.034155	0.009648951822956997	0.0949013663978263	-71279165.8138457	0.009349693186156971	0.0949309714128087	0.002059257394798064	0.126121379355814
20	(.01,.01)	0.01	0.02	0	-71266582.2557581	0.008644989056162955	0.0950523365144929	-71266582.1658204	0.008455876175697097	0.0950924091196177	0.00046933733682008594	0.101603746150291
20	(.01,.01)	0.01	0.02	0	-71257876.4149859	0.00922857810950406	0.0950684084186488	-71257853.3881671	0.008783149665742007	0.095137713829673	0.001989099959644025	0.120526882856943
20	(.01,.01)	0.01	0.02	0	-71296144.0927072	0.010924202762196078	0.0946952903541044	-71296138.064828	0.011248996049737059	0.0946988544400968	0.0018779876292390751	0.125104403208351
20	(.01,.01)	0.01	0.02	0	-71284732.335436	0.009737191828135927	0.0951562528636497	-71284652.1760354	0.009252938877019057	0.0950467198700432	0.005414886988115986	0.118481835815774
20	(.01,.01)	0.01	0.02	0	-71361295.3954462	0.009378854127484071	0.09468942819131	-71361287.6400093	0.008597798720662908	0.0947115693244626	0.0017135569242440196	0.103063601260489
20	(.01,.01)	0.01	0.02	0	-71239557.6796442	0.011012891365284938	0.0951218581831568	-71239530.2267229	0.010925698201159961	0.0951151059806423	0.003142805516178959	0.129757588254229
20	(.01,.01)	0.01	0.02	0	-71328374.0275137	0.009695028963715102	0.0954877793012125	-71328375.6285682	0.009822346705022023	0.0954610726517367	0.00028752054749792144	0.102510655515395
20	(.01,.01)	0.01	0.02	0	-71302003.3786037	0.009003322267521097	0.095103149274491	-71301990.4123415	0.009041881342537028	0.095181484719249	0.0023082215219640823	0.128977667492508
20	(.01,.01)	0.01	0.02	0	-71285567.8897647	0.007466773756619083	0.0950329376106925	-71285563.7681702	0.007288269108921996	0.0950113251868608	0.001335693124462023	0.129481218750627
20	(.01,.01)	0.01	0.02	0	-71278498.7159899	0.009735984390316976	0.0951102463601151	-71278486.712192	0.010089823919336105	0.0950917082119111	0.0018119158972979	0.127239591284616
20	(.01,.01)	0.01	0.02	0	-71275316.1245527	0.010560060340083943	0.0951078662260765	-71275304.7254797	0.010537131927602084	0.09511316592604	0.002091347501959051	0.12847384083778
20	(.01,.01)	0.01	0.02	0	-71317145.9161289	0.006891844601375929	0.0954326849733478	-71317131.8643075	0.006978594416723993	0.0954222294077628	0.002358600681480083	0.122158713627966
20	(.01,.01)	0.01	0.02	0	-71302857.5881255	0.010411041941697952	0.0951152543441455	-71302828.9660111	0.01038798718178302	0.0951253539088234	0.002991730764883904	0.127056726478218
20	(.01,.01)	0.01	0.02	0	-71250933.6320695	0.010962715275437906	0.0952030087706282	-71250933.6592278	0.010707312208396047	0.0951715443360293	5.2037327802012534e-05	0.101077062495096
20	(.01,.01)	0.01	0.02	0	-71229838.9095121	0.0075301984866250615	0.0952748235787253	-71229834.2241091	0.007383916578661998	0.0952909042812874	0.001083037693744071	0.127539640402152
20	(.01,.01)	0.01	0.02	0	-71262071.2315518	0.0096356995369411	0.0947360541724136	-71262066.1614205	0.008779519266624014	0.0947458968890562	0.0011811180619241135	0.10464726011662
20	(.01,.01)	0.01	0.02	0	-71345416.0591453	0.009594732493257041	0.0952004396896072	-71345399.3510122	0.009211452288439004	0.0951469358654593	0.0025438258884200593	0.120727340507583
20	(.01,.01)	0.01	0.02	0	-71363857.078255	0.010749253909579037	0.0953484405372688	-71363802.3285577	0.01013011421265797	0.0953413835889462	0.004596196652040918	0.122096893173504
20	(.01,.01)	0.01	0.02	0	-71306657.8365317	0.008719283489278085	0.0951044098491887	-71306656.3596936	0.008897365201461893	0.095118827028449	0.0008991509736608894	0.114136251793704
20	(.01,.01)	0.01	0.1	4	-71289403.9665193	0.008341859512037919	0.0951334744687189	-71289400.570962	0.007858011040581037	0.0951359368642325	0.001138037230123956	0.100126775230684
20	(.01,.01)	0.01	0.1	4	-71372456.9465333	0.009303878453882919	0.0950731456154033	-71372456.7736557	0.009268943720802891	0.0951098103034783	0.0004923263500379305	0.11564430753403
20	(.01,.01)	0.01	0.1	4	-71352282.5058199	0.009475287817199973	0.0950977014865129	-71352280.5759705	0.009098343156564992	0.0950525153865354	0.0010088184580760995	0.10481036179608
20	(.01,.01)	0.01	0.1	4	-71315284.936507	0.01134412749158309	0.0952297143345668	-71315244.1638578	0.010069345434496113	0.0951663724733587	0.0036638042995958964	0.112052259177442
20	(.01,.01)	0.01	0.1	4	-71277692.7702843	0.009840244076782079	0.095342873137635	-71277667.2294064	0.008685571055739971	0.0952262250198115	0.0029026013719789523	0.111965408859874
20	(.01,.01)	0.01	0.1	4	-71256662.148541	0.006997365356302021	0.0951134860730982	-71256644.0116385	0.006393786921578992	0.0951260266120263	0.0018930387539449756	0.124414982857098
20	(.01,.01)	0.01	0.1	4	-71262023.8335549	0.010185486522595988	0.0949593906082825	-71262017.0694647	0.009240362661074975	0.0949936172038847	0.0018250281230560716	0.105431862536723
20	(.01,.01)	0.01	0.1	4	-71245670.8494066	0.00744152268485998	0.0951783846369634	-71245664.4147245	0.006824163849177944	0.0951872627000488	0.0011361680978239086	0.110332783093773
20	(.01,.01)	0.01	0.1	4	-71354621.466126	0.009226774330941101	0.0953276980775111	-71354614.9116703	0.009179368436097901	0.0952406152255183	0.0006831170185011004	0.117026309285896
20	(.01,.01)	0.01	0.1	4	-71270281.4207223	0.010907800401076084	0.0957762686189615	-71270265.0331244	0.008438741496021085	0.0949243925914419	0.0032098566741040058	0.104045272109302
20	(.01,.01)	0.01	0.1	4	-71251554.5608135	0.010028709709861916	0.0951128375618426	-71251554.6136706	0.010001102289778019	0.0951071437176064	2.5420473095949525e-05	0.110697476589815
20	(.01,.01)	0.01	0.1	4	-71334235.5940333	0.01169570596885594	0.0955140140331483	-71334193.5109863	0.009705065617916953	0.0953686893179373	0.004065447621400042	0.118250089950991
20	(.01,.01)	0.01	0.1	4	-71328859.4056971	0.005770344762474955	0.0950718381395061	-71328859.7230596	0.005681780691264016	0.0950045934791491	0.00010920288911697718	0.105268842799309
20	(.01,.01)	0.01	0.1	4	-71311013.6562615	0.008490815485659997	0.0950694734461442	-71311013.6700681	0.008435424438780093	0.0950887024743969	0.0003283190519420831	0.105193450737295
20	(.01,.01)	0.01	0.1	4	-71270259.4811667	0.00813555004014399	0.0951701205794542	-71270260.2209836	0.008271498912464925	0.0951957858552917	0.0001565395748399645	0.116448029021983
20	(.01,.01)	0.01	0.1	4	-71269686.1583219	0.010168856134880055	0.0950145381419174	-71269680.0646917	0.009654813092039083	0.0950132273351815	0.0018043566951769785	0.122686358552303
20	(.01,.01)	0.01	0.1	4	-71327887.7013043	0.007916921856581105	0.0947769153200938	-71327887.7386714	0.007785047138821111	0.0949732760686552	0.00047640354244093963	0.100222972900711
20	(.01,.01)	0.01	0.1	4	-71281028.5709635	0.010458574914395946	0.0954232607366995	-71281017.5777627	0.010018154763615894	0.0954627072419295	0.0016810998183189874	0.12984786145612
20	(.01,.01)	0.01	0.1	4	-71298848.9519964	0.006848435207623904	0.0951114475354095	-71298849.1701006	0.006965653163602092	0.0951070507527043	2.9447134915927542e-05	0.10024567160321
20	(.01,.01)	0.01	0.1	4	-71232160.6174554	0.007340761313038957	0.0950039406944391	-71232160.5185235	0.00743213066081605	0.094761237296014	3.693203423704716e-05	0.116232460400808
