count	sel	dist	R	k	lnl0	sel0	loc0	lnl1	sel1_0	loc1_0	sel1_1	loc1_1
20	(.05,.05)	0.05	0.02	0	-71436595.0155327	0.0888873248012979	0.0752061815787118	-71434939.6131773	0.09470923103188389	0.0752807714625799	0.07084931548459805	0.12496754395817
20	(.05,.05)	0.05	0.02	0	-71432637.1786993	0.08801488157473503	0.121665705067267	-71430820.7851142	0.07147533844554399	0.0752046991006866	0.09083240832632411	0.121663429770499
20	(.05,.05)	0.05	0.02	0	-71464354.6904382	0.0785685419042359	0.0754779113842821	-71462624.1272321	0.07643783294687789	0.0754741601687714	0.06813525735532	0.124933447782162
20	(.05,.05)	0.05	0.02	0	-71421859.5606327	0.093638005134839	0.0756259863649889	-71419922.902428	0.09759982315709703	0.0756270949951246	0.0786502352197549	0.124300006264
20	(.05,.05)	0.05	0.02	0	-71434401.9319752	0.09035230233478209	0.125079111695162	-71432705.1335756	0.06982842406159895	0.0752349516336549	0.09786315452480399	0.125059554545175
20	(.05,.05)	0.05	0.02	0	-71435577.5514574	0.09594270158262197	0.0757430138513822	-71433969.1159794	0.09779643203918209	0.0756903866108674	0.06284365489967791	0.125319500366427
20	(.05,.05)	0.05	0.02	0	-71429275.9770079	0.08351614324769696	0.0761871045121864	-71427551.2371156	0.08593380726984401	0.0761307796663048	0.07452145352680395	0.124962425184506
20	(.05,.05)	0.05	0.02	0	-71438759.8125318	0.09932877525448103	0.0756279298136487	-71436967.62104	0.09420543655356206	0.0755616116535644	0.07620698714450391	0.124872184819915
20	(.05,.05)	0.05	0.02	0	-71418832.3314913	0.083789151809323	0.123537272038762	-71417035.4321325	0.07658558553423489	0.0757480590754991	0.08257333674687806	0.123531234573234
20	(.05,.05)	0.05	0.02	0	-71509634.7419116	0.099974047185857	0.0751214068945604	-71507605.6876405	0.09770721088064294	0.0750742719505132	0.09389742564576109	0.124867441067154
20	(.05,.05)	0.05	0.02	0	-71363395.8210402	0.09687569514544103	0.075240551978581	-71361444.287033	0.09414766191283908	0.0751915193161839	0.08688904625360394	0.124918692033736
20	(.05,.05)	0.05	0.02	0	-71399476.7918395	0.08551251738516008	0.124540817077078	-71397648.7234001	0.07957328275544395	0.075277392441252	0.0875710908860251	0.124563239024987
20	(.05,.05)	0.05	0.02	0	-71404283.0459289	0.084267422761516	0.0754731379593714	-71402621.3881927	0.08647110977815498	0.0754751062767831	0.06781914047550308	0.124971052609924
20	(.05,.05)	0.05	0.02	0	-71438744.965551	0.07454572815960392	0.124883440268235	-71436911.8994227	0.078998545937355	0.0745650191853312	0.0760343588223581	0.124870322527502
20	(.05,.05)	0.05	0.02	0	-71358285.9516479	0.08388614887698109	0.125138679940135	-71356637.752038	0.06400423807186006	0.0756637114846044	0.08466685955123798	0.125153080880636
20	(.05,.05)	0.05	0.02	0	-71374556.5974687	0.06850311788447605	0.12492491157313	-71372937.1778478	0.06362860895586198	0.0752985891456807	0.06645015305412005	0.124939763651359
20	(.05,.05)	0.05	0.02	0	-71457032.0770271	0.09630297322503889	0.0763335526643178	-71455266.4924078	0.09727685149560106	0.0763691865292888	0.07403931904433991	0.1241524423911
20	(.05,.05)	0.05	0.02	0	-71403361.7961103	0.09415925279065696	0.0756899690555759	-71401610.7459999	0.0914641604342229	0.0757571886407465	0.06956234745249901	0.124876863261474
20	(.05,.05)	0.05	0.02	0	-71352571.5776546	0.10214005971646001	0.07472423263402	-71350853.5046975	0.09823321718038391	0.0748320467285072	0.07217049786747998	0.124495090205617
20	(.05,.05)	0.05	0.02	0	-71424937.5795027	0.11458662653403695	0.076185972954846	-71422977.3875053	0.11126365071686106	0.07615496129554	0.08135557486860101	0.124877058803335
20	(.01,.01)	0.05	0.02	0	-71325149.7457974	0.010050455673518921	0.125034027356741	-71324886.7057519	0.00916478097692408	0.0752947149065328	0.010337176859836927	0.125037281687704
20	(.01,.01)	0.05	0.02	0	-71330924.601839	0.011401410669080958	0.125170618101687	-71330751.5591366	0.00735481623511991	0.0754554225991414	0.011292827819096019	0.125138982597604
20	(.01,.01)	0.05	0.02	0	-71253990.52776	0.011597280655081033	0.0749258181093165	-71253702.1228893	0.011650968280742968	0.0749047102869297	0.009564507610178907	0.125164136796081
20	(.01,.01)	0.05	0.02	0	-71260099.4467801	0.011984419434357019	0.124928047520927	-71259891.3919608	0.007960912391982933	0.0750059665101445	0.01202030809375898	0.124943047535032
20	(.01,.01)	0.05	0.02	0	-71289518.302138	0.010336381120401916	0.125165980319967	-71289212.3791381	0.010161410312782948	0.0750255784928679	0.009956471712459058	0.125132901766474
20	(.01,.01)	0.05	0.02	0	-71285809.603932	0.011329063078196921	0.0753678548905618	-71285468.302758	0.011339446153117105	0.0753685168775954	0.010677733092276043	0.12518947167912
20	(.01,.01)	0.05	0.02	0	-71305851.9131102	0.011507633171879084	0.125222751296657	-71305568.9058012	0.009414299165382056	0.0749978843276825	0.011440131061182024	0.125225104320229
20	(.01,.01)	0.05	0.02	0	-71299578.9522332	0.011499636105401057	0.0751779556484843	-71299235.1567451	0.011352682481874932	0.0751811552853631	0.010829305484419072	0.125209813142272
20	(.01,.01)	0.05	0.02	0	-71359785.8833002	0.012642754664337952	0.124498870164965	-71359489.7028501	0.009517196349755896	0.0747895640351375	0.013129960170841892	0.124498443628296
20	(.01,.01)	0.05	0.02	0	-71299047.7049451	0.01362883419839589	0.125123406192402	-71298599.4984628	0.0127657661372379	0.0750998604815968	0.013913934757562973	0.125094179201491
20	(.01,.01)	0.05	0.02	0	-71307750.340725	0.008599742210541939	0.124881234198375	-71307529.9753998	0.00839970071958196	0.0753810947397293	0.00842311352124303	0.124886973212854
20	(.01,.01)	0.05	0.02	0	-71308491.1388554	0.010247492328320007	0.125163495013992	-71308218.3232354	0.009149505079096065	0.0750376015143057	0.010092887827524044	0.125169291677293
20	(.01,.01)	0.05	0.02	0	-71294410.541073	0.01207008774013607	0.125283154400192	-71294044.9713524	0.011389996696676064	0.0749935229894595	0.012429238767880046	0.125279670891232
20	(.01,.01)	0.05	0.02	0	-71301902.2349438	0.010106519784143009	0.0752347009779823	-71301577.2190003	0.010412251150998086	0.0752312738039372	0.01026357558417601	0.125090761185872
20	(.01,.01)	0.05	0.02	0	-71266393.1779451	0.01244096995510402	0.125070024439785	-71266047.1908925	0.010915220826797079	0.0748791806247667	0.012281479058678046	0.1250708774675
20	(.01,.01)	0.05	0.02	0	-71277619.3108734	0.011469762355660995	0.075172009531737	-71277308.3378543	0.011363504860158025	0.0751284092297551	0.009981947698276095	0.125043349511197
20	(.01,.01)	0.05	0.02	0	-71265278.3726521	0.010710772006319091	0.125211940152269	-71265053.776471	0.008713775032763937	0.0746785168428599	0.010662254142057903	0.12519928155797
20	(.01,.01)	0.05	0.02	0	-71324227.3983872	0.009149983682860907	0.125012024006985	-71324047.0070682	0.007523254534638979	0.0748923265156505	0.009249591981058902	0.124972700231825
20	(.01,.01)	0.05	0.02	0	-71338261.9519328	0.010168526030462921	0.0752540176708574	-71337978.5314137	0.010276905982899986	0.0752446921201431	0.009705307133382912	0.125369050886942
20	(.01,.01)	0.05	0.02	0	-71308009.6622735	0.01416041708819693	0.0749324285628501	-71307742.0237339	0.014350100089262963	0.0749933375971525	0.009059361508501063	0.124651097726727
20	(.01,.01)	0.05	0.1	4	-71286620.0082105	0.01292695836183999	0.125070323537704	-71286359.1754376	0.008954755917875978	0.0751824191625913	0.01020607589346001	0.12533631400812
20	(.01,.01)	0.05	0.1	4	-71233964.9819618	0.015877904757863992	0.125236267273592	-71233647.2424901	0.010281751271505102	0.0752569653220086	0.012375513352576029	0.125232088109642
20	(.01,.01)	0.05	0.1	4	-71330783.6239337	0.013628393031118957	0.0750818967997988	-71330521.007123	0.011231448437358016	0.0750822376244002	0.00960443748822093	0.125127804466437
20	(.01,.01)	0.05	0.1	4	-71328048.3284907	0.01616515845234301	0.125089470743635	-71327712.7600775	0.011110605041982025	0.0748094187373857	0.012351805336881072	0.125209286320363
20	(.01,.01)	0.05	0.1	4	-71356935.4279164	0.013860872223582898	0.0752423661354029	-71356720.6446277	0.011937661826856072	0.0752608510315861	0.008278237620157891	0.124843034948257
20	(.01,.01)	0.05	0.1	4	-71260590.5727655	0.012753610617600053	0.0752418788452541	-71260328.2192996	0.01072656515148096	0.0752515877556571	0.009383333425500906	0.124841208302613
20	(.01,.01)	0.05	0.1	4	-71304298.797904	0.0117567837863779	0.12523775114252	-71304103.9003991	0.007890270054024096	0.0749583790739491	0.009709800753560982	0.125161033963348
20	(.01,.01)	0.05	0.1	4	-71370867.1580026	0.016197480621103932	0.125247493939282	-71370668.9099493	0.007984487538221008	0.0753000186238863	0.012455829234917948	0.125346187025963
20	(.01,.01)	0.05	0.1	4	-71301054.3347556	0.010519675250783012	0.125082352342274	-71300825.2611389	0.008136427294120008	0.0752565315655062	0.008838816699163088	0.125021687833468
20	(.01,.01)	0.05	0.1	4	-71293537.1592997	0.01667176716689689	0.074765062923507	-71293250.4268238	0.013008413046974976	0.0749178366833983	0.01027103549996089	0.125291094104261
20	(.01,.01)	0.05	0.1	4	-71288362.8085474	0.009395282522882908	0.0753904673551217	-71288203.3721927	0.008076833285337925	0.0752808681635752	0.00709250981963494	0.125278441754512
20	(.01,.01)	0.05	0.1	4	-71283014.8221322	0.018275097557264086	0.0745651235256611	-71282699.6960565	0.013377150415922912	0.0744820648667207	0.01121922446751511	0.123228765403316
20	(.01,.01)	0.05	0.1	4	-71294388.9824026	0.011116197728142985	0.124934057928479	-71294125.528277	0.009232721196582028	0.0749147027234877	0.009128238298203972	0.124845667764289
20	(.01,.01)	0.05	0.1	4	-71319970.0857795	0.012515112637596082	0.125152650279415	-71319694.7805767	0.009392407856697038	0.0752701943467556	0.010190252883757966	0.125116137445556
20	(.01,.01)	0.05	0.1	4	-71307742.0851314	0.013086496860958974	0.0748499479357365	-71307442.1061093	0.010332903217742051	0.074978330450742	0.010246722061222013	0.12512162402701
20	(.01,.01)	0.05	0.1	4	-71321883.7286435	0.011440111718240997	0.0749485039436834	-71321607.4614718	0.009320272082681047	0.0751182960635276	0.009580682312900102	0.124847678902401
20	(.01,.01)	0.05	0.1	4	-71354066.6835707	0.012665952114821022	0.1252676610106	-71353780.0497809	0.009477000929404067	0.0749974129234037	0.010394191464945024	0.125304165092897
20	(.01,.01)	0.05	0.1	4	-71287385.7738011	0.012588202001904025	0.0749643751370692	-71287070.1775899	0.010344768790316095	0.0752558164251183	0.010165315485581083	0.125020039833755
20	(.01,.01)	0.05	0.1	4	-71364059.2854002	0.012229496491917069	0.074671439141843	-71363844.0824377	0.010102369369694997	0.0745887472817204	0.008672718544761926	0.125080193902586
20	(.01,.01)	0.05	0.1	4	-71285594.9493172	0.014270588161961917	0.0745788948556222	-71285288.283342	0.011625775018923035	0.0746047935810438	0.010101669510736988	0.125237653208943
20	(.05,.05)	0.05	0.1	0	-71336019.705892	0.13916551124880494	0.0769853927279593	-71335288.8560232	0.053485569234603014	0.0748565864569078	0.047392303648102985	0.125003384808703
20	(.05,.05)	0.05	0.1	0	-71377878.4634166	0.13956295047359701	0.123783841434981	-71377111.9822307	0.04355812115058311	0.0748671384729467	0.06064696687450111	0.125164436506279
20	(.05,.05)	0.05	0.1	0	-71367752.7517597	0.153002762301356	0.124444869068914	-71367137.2932401	0.03634614465756203	0.075601863699635	0.07489634413588009	0.124797632607643
20	(.05,.05)	0.05	0.1	0	-71457114.0395149	0.13897038976098197	0.125028792005179	-71456385.7516472	0.044234189317817973	0.0750784691061963	0.05964038729035903	0.12547168494569
20	(.05,.05)	0.05	0.1	0	-71365375.0369498	0.13959334055067707	0.0757733798702573	-71364560.3476778	0.05521784865561996	0.0751465169461753	0.046262456449138956	0.125191628683443
20	(.05,.05)	0.05	0.1	0	-71449039.7603298	0.1485605485262409	0.0753291947590857	-71448303.0741557	0.06661411017579699	0.0749881658856379	0.04311562436982408	0.124919105303246
20	(.05,.05)	0.05	0.1	0	-71434698.6210661	0.14732579020106007	0.12459452639358	-71433903.5470957	0.05033070069200507	0.0750133133157105	0.05918248164189999	0.125610437117276
20	(.05,.05)	0.05	0.1	0	-71388093.1998156	0.12114865646694006	0.0754788353990651	-71387207.9105351	0.049011601826222106	0.0750481184606489	0.046512201210640036	0.124786896550142
20	(.05,.05)	0.05	0.1	0	-71393246.6998351	0.13403524314137993	0.125064468584357	-71392364.5547014	0.04971698517035705	0.0751275684688529	0.05222272891482205	0.125192349509963
20	(.05,.05)	0.05	0.1	0	-71386051.8208719	0.136402494328264	0.125064537308014	-71385306.9881949	0.04592758780949602	0.0754997498170634	0.05706979875228302	0.125448104615413
20	(.05,.05)	0.05	0.1	0	-71438905.1740549	0.177568883242318	0.124800417971264	-71438174.922439	0.055835605720654935	0.0751141689746696	0.07302800606344195	0.125317056623085
20	(.05,.05)	0.05	0.1	0	-71462130.5825526	0.14349738899850206	0.124867897496004	-71461318.4769351	0.05452530385112009	0.0751127425769202	0.05395995126652409	0.125232137806767
20	(.05,.05)	0.05	0.1	0	-71461346.7730245	0.13545163490810308	0.123948865566713	-71460592.4301399	0.04804612570882105	0.0753339131080177	0.05576015796037703	0.12522472300797
20	(.05,.05)	0.05	0.1	0	-71453611.5091031	0.14623995864544392	0.124860802323774	-71452729.8174884	0.05369638918397501	0.0751346015370095	0.057014865864777	0.125107780199851
20	(.05,.05)	0.05	0.1	0	-71383955.2198612	0.14967389726594305	0.0809493971150956	-71383328.3823547	0.071089199687416	0.0751342848962092	0.0406256158409799	0.125142219450573
20	(.05,.05)	0.05	0.1	0	-71416412.079515	0.15763550057853892	0.0755088915390323	-71415546.730082	0.05699895869985705	0.0751734991228201	0.055504537059861025	0.125519339582217
20	(.05,.05)	0.05	0.1	0	-71403372.5818725	0.153022711063441	0.12405647073245	-71402604.1790428	0.053263781728221105	0.0750163964498758	0.061269714954298005	0.12499339933804
20	(.05,.05)	0.05	0.1	0	-71373001.6379496	0.16776132089572093	0.108975475948774	-71372249.6114934	0.06987745146814306	0.0752322799903383	0.05371238618039509	0.124965561038861
20	(.05,.05)	0.05	0.1	0	-71408046.6809108	0.1373450596112039	0.0749937222029598	-71407206.086238	0.054429039726418105	0.0749974851687961	0.050022112699617094	0.124373607006926
20	(.05,.05)	0.05	0.1	0	-71402849.4047235	0.159184142813784	0.0778764771542684	-71402085.7855839	0.060779836772004936	0.075140688778828	0.0530532171636201	0.125374832542943
20	(.01,.01)	0.05	0.1	0	-71272484.6281704	0.012944271490438974	0.124866214835117	-71272234.8462534	0.008976270564557076	0.0748016474060997	0.010599613467741076	0.124869233714379
20	(.01,.01)	0.05	0.1	0	-71338428.779493	0.011825297387063949	0.12497693145721	-71338186.1778723	0.008414907431083085	0.0750453575592306	0.010406704581677917	0.124950071825024
20	(.01,.01)	0.05	0.1	0	-71329179.426837	0.014979982837236894	0.125286889762607	-71328835.3267197	0.010642708967061987	0.0754384878578609	0.01217408839289702	0.125283806205219
20	(.01,.01)	0.05	0.1	0	-71273700.3535128	0.008706214196398943	0.0751056658912768	-71273592.2642524	0.007780068749835944	0.0750942734403276	0.005712194229580914	0.124917005635535
20	(.01,.01)	0.05	0.1	0	-71291692.8255528	0.014438150212359058	0.125122027665467	-71291369.5126909	0.010420919973304077	0.0749063984374194	0.01176408435647891	0.125109462069045
20	(.01,.01)	0.05	0.1	0	-71255054.3153238	0.011220363100923891	0.0746608929736166	-71254842.8020286	0.00961648669680304	0.0746702490701073	0.008198908025675022	0.124993642344941
20	(.01,.01)	0.05	0.1	0	-71279843.8174167	0.011693987286765073	0.0754754751606827	-71279555.5776127	0.00975391153304006	0.0754789299899844	0.009807899849821	0.125408802572976
20	(.01,.01)	0.05	0.1	0	-71356706.4027225	0.011977497420161076	0.0752483184335847	-71356531.7815874	0.010477183815217894	0.0752613409822532	0.007390962236195064	0.125010073410279
20	(.01,.01)	0.05	0.1	0	-71331431.3783817	0.015235026375118976	0.125128387112822	-71331128.1060334	0.00992724136858203	0.0749165928913602	0.01255071931267604	0.125089603310905
20	(.01,.01)	0.05	0.1	0	-71279557.6263639	0.011043955158484886	0.125084508593386	-71279295.6579417	0.009170056660297021	0.0753526724662771	0.009538039715035085	0.12511130802038
20	(.01,.01)	0.05	0.1	0	-71347108.010005	0.011086593804098932	0.125165257189175	-71346850.5598068	0.008986445566820045	0.0753334219811639	0.00904284279145906	0.125198962405606
20	(.01,.01)	0.05	0.1	0	-71325222.1434728	0.011387702508462993	0.125859838374062	-71324979.5890141	0.008771124029958943	0.0751553946438059	0.00930588643234298	0.125856025691174
20	(.01,.01)	0.05	0.1	0	-71336483.4380438	0.012760136770701092	0.124916797264873	-71336163.1790045	0.010568026951358944	0.0752384419781398	0.01020437664955598	0.124943683411863
20	(.01,.01)	0.05	0.1	0	-71297566.6056828	0.013132543828496046	0.0749361120470278	-71297250.1079416	0.01115945856815903	0.0749483447092198	0.010212821801785066	0.125391189929026
20	(.01,.01)	0.05	0.1	0	-71279758.2507681	0.012376875396603926	0.0754582567524229	-71279511.4215048	0.010234583268202035	0.0749242259960351	0.008900773854761956	0.125272148911181
20	(.01,.01)	0.05	0.1	0	-71361009.3362837	0.014244551187858945	0.125155477897985	-71360760.9505204	0.008859617783095963	0.0750373151866744	0.011809205073199047	0.125170908571822
20	(.01,.01)	0.05	0.1	0	-71331097.0497923	0.012057503544459891	0.12522135597348	-71330799.7131295	0.010079782748999011	0.0752556958082256	0.009971034199198092	0.125273933854244
20	(.01,.01)	0.05	0.1	0	-71314240.2552973	0.012965129023518096	0.075107031228908	-71313979.7246428	0.010692948226620036	0.0751229289905961	0.008881085669021016	0.125175900517965
20	(.01,.01)	0.05	0.1	0	-71237048.5985631	0.011092813383022038	0.125099572546915	-71236859.3334663	0.007664465462439929	0.0752219011787593	0.009559498130536914	0.125048916626736
20	(.01,.01)	0.05	0.1	0	-71357516.0698558	0.013092347507162927	0.125269618344392	-71357210.7253506	0.01011405189425807	0.0744844376067737	0.01073438533164206	0.125303190743174
20	(.01,.01)	0.01	0.1	0	-71329305.7394356	0.0157998435092771	0.0956509874880929	-71329213.1355754	0.010097810723939005	0.0954810921028301	0.006774867526781914	0.105053791877895
20	(.01,.01)	0.01	0.1	0	-71259434.6458768	0.0209536528207791	0.104876695997547	-71259285.6460674	0.00925548897873607	0.0952685604232713	0.011627841009436035	0.104956008451757
20	(.01,.01)	0.01	0.1	0	-71256303.2174113	0.01904340057954501	0.105103739775971	-71256223.3124709	0.0060286429340599135	0.0951676126465112	0.013296695494502075	0.105241563352916
20	(.01,.01)	0.01	0.1	0	-71294608.73278	0.013066092442035049	0.0959219753233698	-71294472.5283251	0.008055480296996098	0.0951412201763629	0.007927603745260026	0.105151942655261
20	(.01,.01)	0.01	0.1	0	-71343178.354677	0.021105126477419023	0.104649105501379	-71343022.2400805	0.009788092245697988	0.0955120136453102	0.011568776533861902	0.105096668431927
20	(.01,.01)	0.01	0.1	0	-71298598.8729267	0.014620530070356907	0.105135097092223	-71298458.54588	0.008004416368122103	0.0952546360465458	0.008839454366598942	0.105283827389517
20	(.01,.01)	0.01	0.1	0	-71291410.7133627	0.014354430749819902	0.0947742306700973	-71291296.2630763	0.009356956245678894	0.0946096697100102	0.007299198649817984	0.105085021831131
20	(.01,.01)	0.01	0.1	0	-71303681.9856712	0.01605396916295898	0.105134728982559	-71303509.4751787	0.008896842399861105	0.0951255246379081	0.009416922774480918	0.105173244858504
20	(.01,.01)	0.01	0.1	0	-71290224.1347272	0.01726342072714404	0.105055268453627	-71290100.7041263	0.008058667328975089	0.0953868087931707	0.010531798429578076	0.105121627627446
20	(.01,.01)	0.01	0.1	0	-71336846.8753587	0.01585775012857704	0.105175393826993	-71336678.5317645	0.009474724971959891	0.0951486599202584	0.009190542098520105	0.105648721128391
20	(.01,.01)	0.01	0.1	0	-71325710.6650335	0.017449459662221	0.105098289754028	-71325541.9054064	0.008590352882662966	0.0929296684331702	0.011030967398978908	0.105166036811912
20	(.01,.01)	0.01	0.1	0	-71289844.5957815	0.020046260941782967	0.0951196654009581	-71289666.3273521	0.01066648787332003	0.0951242774028712	0.010150678802078095	0.105214160202058
20	(.01,.01)	0.01	0.1	0	-71323135.2647944	0.02227317541652407	0.105078117446703	-71322977.5215655	0.009523956639335918	0.0951676345673423	0.012631760198401065	0.105175808607205
20	(.01,.01)	0.01	0.1	0	-71284272.6715251	0.020283693999315955	0.095258678419775	-71284118.8935194	0.011727283421697932	0.0951862265500603	0.009253353078881088	0.105037328265092
20	(.01,.01)	0.01	0.1	0	-71200055.8416992	0.01903553876742403	0.105046618580632	-71199904.6980631	0.00942980687277506	0.0955325487714156	0.010881861557962003	0.105126639501637
20	(.01,.01)	0.01	0.1	0	-71284929.6767283	0.0152384209845019	0.0954938606282975	-71284817.113261	0.010032528308184019	0.095457019511216	0.007271117258641935	0.105089685498993
20	(.01,.01)	0.01	0.1	0	-71370281.9342439	0.017229795408701065	0.0947805649692899	-71370126.7378246	0.010506775589903095	0.0947686130901261	0.008438858218780987	0.105145743731639
20	(.01,.01)	0.01	0.1	0	-71261386.5447699	0.02023813025386001	0.0948258926289377	-71261283.4567155	0.013260901942443004	0.0945982402388312	0.007326554624397019	0.105012370715084
20	(.01,.01)	0.01	0.1	0	-71336665.705428	0.023585403626102952	0.0950520892703842	-71336526.3662821	0.013672341462565019	0.0949030449109371	0.00849746932606299	0.105545523801313
20	(.01,.01)	0.01	0.1	0	-71249548.8341142	0.015139269409023992	0.0951468870623763	-71249439.0354665	0.009729768844080056	0.0951685189019525	0.007087047269644042	0.105034290386676
20	(.05,.05)	0.01	0.02	4	-71394255.1251351	0.14989784092772307	0.10164247774046	-71393859.4276296	0.10100405943056501	0.0972880573345528	0.01620496275189809	0.122891302848361
20	(.05,.05)	0.01	0.02	4	-71451326.4396287	0.178534748575776	0.0969353497171027	-71450961.0310152	0.023185695204405055	0.084767335952769	0.08725421047835591	0.106094484553372
20	(.05,.05)	0.01	0.02	4	-71369704.9469423	0.1561364315312781	0.0977270510604032	-71369288.6531733	0.014182495906679082	0.0705520625577131	0.126103338647222	0.100051506945959
20	(.05,.05)	0.01	0.02	4	-71412815.3053935	0.1847199983502641	0.0998205456316061	-71412316.9794709	0.0526955070330789	0.0857628789103236	0.07488875863992295	0.107210642840567
20	(.05,.05)	0.01	0.02	4	-71426689.588475	0.153401970644518	0.0980122166547315	-71426253.9122787	0.015460532605498067	0.0757753729860445	0.1152455832237409	0.104356938200696
20	(.05,.05)	0.01	0.02	4	-71377147.5546817	0.15907678657146307	0.0951599186387263	-71376814.4063436	0.12295692473862008	0.0939051616735677	0.013272190592043098	0.123296818130116
20	(.05,.05)	0.01	0.02	4	-71407934.6217512	0.162210778595397	0.0943560717411085	-71407466.7007392	0.10194170054291607	0.0943361311336243	0.01679924698101698	0.120837762807121
20	(.05,.05)	0.01	0.02	4	-71509582.5590698	0.1928332502876009	0.09568287808369	-71509138.137051	0.06978204317788195	0.0900437431904398	0.06663878220584096	0.110586376691313
20	(.05,.05)	0.01	0.02	4	-71411053.4762454	0.17993295318636005	0.100278515607826	-71410713.5614837	0.0119704352585851	0.0773277776753386	0.159134186171344	0.101959417228837
20	(.05,.05)	0.01	0.02	4	-71355708.5366391	0.16965986315844106	0.0985352492848111	-71355374.7381724	0.012364639425718082	0.0720835511199304	0.1561977720748381	0.100263956620153
20	(.05,.05)	0.01	0.02	4	-71401112.8307179	0.16826918643382394	0.0949084535725569	-71400691.7596221	0.1435252354784039	0.0949083698450977	0.012687549247824892	0.128294611700893
20	(.05,.05)	0.01	0.02	4	-71345455.1444252	0.1470279912756759	0.104201631697345	-71345086.7625328	0.01184942919932297	0.0748217192517333	0.0974530508063951	0.103896996004525
20	(.05,.05)	0.01	0.02	4	-71428226.1582106	0.13968614875225804	0.0959419521729012	-71427843.7745051	0.012262705207854996	0.0738478431812945	0.11507729638877906	0.100426388454666
20	(.05,.05)	0.01	0.02	4	-71436771.6303692	0.17855402976580503	0.100570960133994	-71436194.0093876	0.1568957819205179	0.0969286064262311	0.015935747601900085	0.129964780082399
20	(.05,.05)	0.01	0.02	4	-71359742.3703533	0.15126992460507904	0.0972325447396376	-71359341.0324824	0.12647026015740492	0.0951383260754577	0.014163343771782966	0.126865627389822
20	(.05,.05)	0.01	0.02	4	-71414801.5652609	0.14392605251325497	0.104178848581433	-71414319.1678749	0.131005731715379	0.0977054544504201	0.01320205245773809	0.127036797959987
20	(.05,.05)	0.01	0.02	4	-71420696.4276952	0.15084785971067705	0.100429284096852	-71420214.1841697	0.019763070578897923	0.0779401869465387	0.1366306488720379	0.105244894470991
20	(.05,.05)	0.01	0.02	4	-71334284.2770681	0.14982591560117808	0.100571004580659	-71333958.3503944	0.010864126517076023	0.0731065603989101	0.13336657443565902	0.103913642612786
20	(.05,.05)	0.01	0.02	4	-71376594.6425125	0.156783886597055	0.0980782703845493	-71376305.4354212	0.1675038797964581	0.0969379867284702	0.01030030172232399	0.128741885146709
20	(.05,.05)	0.01	0.02	4	-71436307.9177523	0.13826371767087597	0.0985268873280171	-71435760.7948476	0.12653058090264002	0.0949369112996536	0.015299900110799958	0.128492380468567
20	(.05,.05)	0.05	0.1	4	-71350613.4999568	0.1419024084221	0.124619212196681	-71350028.5408501	0.0346679121877399	0.0749163892620792	0.07209349297337608	0.125282671005235
20	(.05,.05)	0.05	0.1	4	-71412437.571229	0.15805595654816196	0.0756889751303885	-71411674.5911242	0.06378562746964	0.0750132131806624	0.04491341911772195	0.125479523982219
20	(.05,.05)	0.05	0.1	4	-71420958.3644547	0.133247296622803	0.0772628099020921	-71420209.1196928	0.05564087700074494	0.0749687580645935	0.04789853177181791	0.125010655739229
20	(.05,.05)	0.05	0.1	4	-71432994.1575334	0.1478242190679021	0.0794320577920244	-71432214.4011195	0.0555187445832771	0.0753585087241112	0.05385995033185598	0.12539354973094
20	(.05,.05)	0.05	0.1	4	-71415483.6146096	0.14749999689469895	0.0771946649503131	-71414675.1962978	0.05653354804809807	0.0751431791265634	0.05068599234714011	0.124637109869068
20	(.05,.05)	0.05	0.1	4	-71430222.7384536	0.1602758976732631	0.124894565932051	-71429591.2485521	0.03978054830657807	0.0750007154821686	0.0717071668406789	0.125371020461671
20	(.05,.05)	0.05	0.1	4	-71455530.5658797	0.1443619408042991	0.0840168165646929	-71454935.4512058	0.05582732623584197	0.0758147144752837	0.046234419472500954	0.125190362797442
20	(.05,.05)	0.05	0.1	4	-71441925.4823527	0.15168721114461892	0.122460242526324	-71441347.0056605	0.0409521195024829	0.0751778682626276	0.06770571599445796	0.12496805914213
20	(.05,.05)	0.05	0.1	4	-71424833.2369192	0.1564848952172211	0.124831669471304	-71423994.8701753	0.05185420907011695	0.0753239288207142	0.062219564885574896	0.125107427011722
20	(.05,.05)	0.05	0.1	4	-71473451.0109616	0.143007915941321	0.125166296692504	-71472692.5323084	0.04591041960355702	0.0752173730562926	0.061317759207978995	0.125312135735723
20	(.05,.05)	0.05	0.1	4	-71417446.7750212	0.1550668868905829	0.0750378216085168	-71416612.5719613	0.05666408808229506	0.0748711546541912	0.05607092226944099	0.124806542041684
20	(.05,.05)	0.05	0.1	4	-71431155.2972399	0.14369013097619798	0.117933761019662	-71430420.3182148	0.04986727585646189	0.0752938568708086	0.05382251192106202	0.125110022422908
20	(.05,.05)	0.05	0.1	4	-71448779.3515146	0.14709808856670092	0.0779418501439915	-71448036.0210865	0.06306830251363593	0.0751870114247459	0.04507136215962404	0.125333709230215
20	(.05,.05)	0.05	0.1	4	-71375638.316367	0.1521696045388361	0.123491373892322	-71374940.8787436	0.046110869389179965	0.0751823071865902	0.06772996728370206	0.125203531181315
20	(.05,.05)	0.05	0.1	4	-71421747.9384774	0.16168766120316191	0.0750050364192555	-71421121.4551122	0.08039828433409801	0.0749209423208457	0.037447302455701936	0.124675608512038
20	(.05,.05)	0.05	0.1	4	-71457823.0011925	0.138281502234179	0.0764224668418317	-71457132.2819134	0.05773248802721509	0.0751643798155756	0.042352440322456	0.124839358395602
20	(.05,.05)	0.05	0.1	4	-71460280.5213149	0.17022954140964008	0.0764213401336068	-71459669.3945418	0.08634993492948195	0.0750651901425416	0.038992327126675996	0.125375386473539
20	(.05,.05)	0.05	0.1	4	-71399440.1090813	0.1273772783080569	0.0840159806310206	-71398654.7319371	0.04942375031284396	0.0756689214123642	0.04833417289805697	0.125242471650866
20	(.05,.05)	0.05	0.1	4	-71380823.3511353	0.15205232734405705	0.0772627845226698	-71380127.3729469	0.06459449976410492	0.0750389491133181	0.044998796097235894	0.125298365110374
20	(.05,.05)	0.05	0.1	4	-71435713.1742145	0.131470466516881	0.123261535827811	-71434946.8274136	0.04056411970691609	0.0752869470918364	0.061464698134163887	0.125394424431737
20	(.01,.01)	0.01	0.02	4	-71290971.636953	0.01913705349429795	0.0957744041588962	-71290802.8451659	0.010818442366216097	0.0952273921710068	0.009214412133075056	0.105015065283331
20	(.01,.01)	0.01	0.02	4	-71310268.0919936	0.019209504410999	0.10410213212467	-71310138.1600181	0.008495834249282908	0.0951850741737993	0.010535741527819997	0.105355981774916
20	(.01,.01)	0.01	0.02	4	-71360067.984476	0.02764972623315709	0.104101685108612	-71359945.6861658	0.009424462408176959	0.0951225754109085	0.012513428169823926	0.105143548566062
20	(.01,.01)	0.01	0.02	4	-71349744.8517277	0.018827414379457008	0.104952255223524	-71349545.5682749	0.009681678452299058	0.0944972531782141	0.010572103032860936	0.105100468854933
20	(.01,.01)	0.01	0.02	4	-71310645.328237	0.024373230290197	0.0956996014964821	-71310508.2291623	0.015293786277660093	0.0944743287065059	0.00842666723940011	0.105096353979907
20	(.01,.01)	0.01	0.02	4	-71304784.5670556	0.01731133842520005	0.0949080737042176	-71304634.6071714	0.011425770527021983	0.0947348856938117	0.007793633763301999	0.105611713966493
20	(.01,.01)	0.01	0.02	4	-71310878.6982526	0.017398549175038025	0.0957011327962482	-71310706.3969764	0.009451868558877918	0.0952031447183534	0.0092607850744989	0.105149214188563
20	(.01,.01)	0.01	0.02	4	-71283383.781117	0.031036549368541944	0.100817387390725	-71283219.0502739	0.013707230783495006	0.0955913743577885	0.01051747689004201	0.105019226103633
20	(.01,.01)	0.01	0.02	4	-71297248.3193818	0.027524621701056073	0.105322259296744	-71297070.823764	0.009739420188065062	0.094532655275102	0.014282217268701047	0.105310816782197
20	(.01,.01)	0.01	0.02	4	-71372620.8016698	0.02789495490923799	0.104100966165398	-71372524.1084835	0.008340558119942054	0.09513563973606	0.013373249307276902	0.105320407389332
20	(.01,.01)	0.01	0.02	4	-71309402.221397	0.01663918101238293	0.104101412611339	-71309239.0676745	0.0089790605055029	0.0952393272307109	0.008748648194560005	0.105208360192532
20	(.01,.01)	0.01	0.02	4	-71261758.4240719	0.018314293867596088	0.103811809687772	-71261568.5493999	0.009751662863558108	0.0941720749019666	0.011249920497918953	0.104892469114491
20	(.01,.01)	0.01	0.02	4	-71346613.4089153	0.02117600655866192	0.104096941908907	-71346435.7341524	0.009764293500897026	0.0955287838883825	0.010374718478939005	0.105465595367271
20	(.01,.01)	0.01	0.02	4	-71264392.6492048	0.015847044991779025	0.105324235381796	-71264227.2253627	0.008456700120740956	0.0949986676887058	0.009666733720958054	0.105729639281494
20	(.01,.01)	0.01	0.02	4	-71345871.0770182	0.024270476698316945	0.104104096914934	-71345699.3737842	0.010383220149179917	0.0952290041393185	0.010761986450143923	0.105073615067591
20	(.01,.01)	0.01	0.02	4	-71341072.3389009	0.02363982365848094	0.104106260875166	-71340958.1461454	0.007715615680594978	0.0952215857693534	0.01297969350412398	0.105143432946896
20	(.01,.01)	0.01	0.02	4	-71382499.7319254	0.016011913268840994	0.104197004219342	-71382357.6337946	0.00786475055116398	0.0948509928348281	0.009781196546017057	0.105031992626269
20	(.01,.01)	0.01	0.02	4	-71267822.2118831	0.019989474567142063	0.0957060241428453	-71267657.8572338	0.01094710708513802	0.0951335142133825	0.009466304937984948	0.104993626184171
20	(.01,.01)	0.01	0.02	4	-71295630.7555365	0.02282380814892504	0.09576917662075	-71295452.8238364	0.012115938630321899	0.0945019155718975	0.010590587407636964	0.105364712518574
20	(.01,.01)	0.01	0.02	4	-71358344.9789554	0.020282206431564087	0.104102599684564	-71358188.154997	0.009708372118523934	0.0953122925624864	0.009101180471297932	0.105122976223183
20	(.05,.05)	0.05	0.02	4	-71417424.2554985	0.08100688809046108	0.0760907811160619	-71415632.1633557	0.08255076297571495	0.0760620324202351	0.07842275060967996	0.125313849360542
20	(.05,.05)	0.05	0.02	4	-71437900.9609022	0.08064072447012205	0.0738532748230812	-71436316.137032	0.08163494816778005	0.0738495686922275	0.058498777752203024	0.124840641777097
20	(.05,.05)	0.05	0.02	4	-71406261.2271333	0.06281690526905792	0.124935081898622	-71404642.8706854	0.06767771647902099	0.0756596070108534	0.06452517503203903	0.124977757930079
20	(.05,.05)	0.05	0.02	4	-71415891.7852205	0.11274447339044091	0.0758411655886235	-71414042.037718	0.11247402313065791	0.0758402827804733	0.07646139303074007	0.125306585299262
20	(.05,.05)	0.05	0.02	4	-71389338.5548529	0.10067588722733889	0.0765976528877158	-71387502.552869	0.09806277506598393	0.0765972208413138	0.09095103058590503	0.124950199704752
20	(.05,.05)	0.05	0.02	4	-71370075.3378118	0.095954939286098	0.124085399918038	-71368168.4347172	0.08308596781269495	0.075190174295912	0.09508068846678197	0.124087667232453
20	(.05,.05)	0.05	0.02	4	-71429279.4885017	0.09412670278834401	0.122940420341504	-71427150.727989	0.1015296626074601	0.0750653964029931	0.10205803371737798	0.123140282785533
20	(.05,.05)	0.05	0.02	4	-71387615.5269064	0.07658846329058289	0.124459482564579	-71385873.2179755	0.07882865594936395	0.0746796023164446	0.08516052831088405	0.124549523321891
20	(.05,.05)	0.05	0.02	4	-71437139.9173814	0.10038123544296396	0.122057955222936	-71435208.8993213	0.07827021296131798	0.0771837551741161	0.08598929308465908	0.122005019320487
20	(.05,.05)	0.05	0.02	4	-71476053.1587814	0.09530738982695808	0.0771951802930103	-71474388.0867705	0.09060320267614408	0.0771946694240339	0.06870646644614409	0.124175952828185
20	(.05,.05)	0.05	0.02	4	-71471805.5894723	0.08664013191447695	0.0771125980588778	-71469894.9750948	0.09148543060729808	0.0771122911849368	0.07927512405799597	0.123761425220217
20	(.05,.05)	0.05	0.02	4	-71424367.2360588	0.09526521813763589	0.0747211516430269	-71422449.7884791	0.0980227481801429	0.0747222477016443	0.08626873809338009	0.12504661856572
20	(.05,.05)	0.05	0.02	4	-71418930.2642881	0.09050210545444304	0.0771940770931589	-71417042.3556971	0.09171435769820402	0.0750714839839185	0.09702586288898207	0.121870853764406
20	(.05,.05)	0.05	0.02	4	-71463597.3952437	0.08311957010395699	0.125237915846528	-71461670.0294161	0.0944026968003191	0.0745916953907418	0.08442377638850396	0.125227750043492
20	(.05,.05)	0.05	0.02	4	-71491894.8612435	0.09093536840074001	0.1232654764689	-71490055.1373139	0.0946197070344571	0.0779425402474919	0.0805083338826571	0.123157459849911
20	(.05,.05)	0.05	0.02	4	-71425294.4816659	0.10501125077906293	0.0755658501734013	-71423376.8775339	0.10035231906632203	0.0761621391385752	0.08678812927124391	0.124573467465057
20	(.05,.05)	0.05	0.02	4	-71394148.6859518	0.07905459830916306	0.0771930903043817	-71392423.0111871	0.08322630377457596	0.0771917220483175	0.07723426946929801	0.124936404534925
20	(.05,.05)	0.05	0.02	4	-71441055.105697	0.07047556441369796	0.125244787434646	-71439542.4316627	0.05337591564846411	0.0750888563341766	0.07097386344409906	0.125259676044822
20	(.05,.05)	0.05	0.02	4	-71373105.6404555	0.08891774014069709	0.0752045761520128	-71371231.12337	0.08703008333349904	0.0751898188950897	0.07994575779311908	0.125042120203418
20	(.05,.05)	0.05	0.02	4	-71465904.8155337	0.0709915770114169	0.0746796732966889	-71464235.894761	0.07740483963962108	0.0746806822392368	0.06748719328615493	0.124546143809143
20	(.01,.01)	0.05	0.02	4	-71393510.7077742	0.013569801283419003	0.125225911649238	-71393237.0872783	0.009227938046282969	0.0749897015703212	0.01379766429379592	0.125235105695884
20	(.01,.01)	0.05	0.02	4	-71336347.0924506	0.009641764954597898	0.0753876477309667	-71336042.4702742	0.009606285739740095	0.075464451334199	0.00986889921329892	0.125503202987699
20	(.01,.01)	0.05	0.02	4	-71308545.5109999	0.013838697547720935	0.124932338643453	-71308085.4148147	0.013303276793359964	0.0749221978495374	0.014175697983863977	0.124926080723259
20	(.01,.01)	0.05	0.02	4	-71307099.026595	0.012082894786362042	0.125056019239318	-71306745.598431	0.01076295296181895	0.0752697911239229	0.012066354606036	0.125097200591757
20	(.01,.01)	0.05	0.02	4	-71224712.5039426	0.010920695508220946	0.0750711520971388	-71224383.1094467	0.010922305796383092	0.0750144912798588	0.010638902395683103	0.124947915165273
20	(.01,.01)	0.05	0.02	4	-71307412.9456274	0.008537354403036934	0.0752079933776018	-71307228.8917292	0.008381781735540939	0.0752263230689994	0.0077188299788439885	0.125149870779201
20	(.01,.01)	0.05	0.02	4	-71283053.4118442	0.010472060638081926	0.125262408835078	-71282752.0403644	0.010076028508036017	0.0749533897789975	0.010604233968522947	0.125268404179343
20	(.01,.01)	0.05	0.02	4	-71309902.5759295	0.011741713300536083	0.0749650122120014	-71309624.559064	0.011654348421663019	0.0749777440131412	0.009701419482318063	0.125193138016716
20	(.01,.01)	0.05	0.02	4	-71276609.3936269	0.013948805927176067	0.0746984857904777	-71276207.1879744	0.013193294603676908	0.0746907222788533	0.012119575263058069	0.124987561946848
20	(.01,.01)	0.05	0.02	4	-71245762.3314277	0.012686590083376914	0.125247456491316	-71245358.2710507	0.012185729796496902	0.0745779658262737	0.012368813733498074	0.125233982572163
20	(.01,.01)	0.05	0.02	4	-71329292.065778	0.011959611930384084	0.0752406586235121	-71328988.4198325	0.01100710534418492	0.0752136575314227	0.010296035210903942	0.125129806902378
20	(.01,.01)	0.05	0.02	4	-71338206.3881961	0.011232292295264013	0.0749343624771278	-71337860.488018	0.01143112329885998	0.074930036165432	0.010629329959358058	0.125249636024228
20	(.01,.01)	0.05	0.02	4	-71265161.5300062	0.011478247247504014	0.125096101209836	-71264896.6485656	0.009422039441995045	0.0752166427545653	0.011556365393923018	0.125089404805542
20	(.01,.01)	0.05	0.02	4	-71360503.0660181	0.017279717373534953	0.125238125490062	-71360245.8215189	0.009250724961724077	0.0752453465723767	0.016365382117958904	0.125207387630465
20	(.01,.01)	0.05	0.02	4	-71268480.4342331	0.010347576314637896	0.0747496638453017	-71268336.3050876	0.010258197923783907	0.07474038343479	0.0070780672729220395	0.123827748567727
20	(.01,.01)	0.05	0.02	4	-71340748.7940491	0.011737129168903015	0.0748452438979439	-71340439.0343822	0.01151745778057911	0.0748261706537947	0.01063151727411904	0.124918969684048
20	(.01,.01)	0.05	0.02	4	-71344922.3782481	0.009883161973695098	0.0750833913738312	-71344635.3061112	0.009985720375998097	0.0749757553730508	0.010218963908496081	0.125191327122985
20	(.01,.01)	0.05	0.02	4	-71305220.4619973	0.009993855212059977	0.1250917201108	-71304953.0464161	0.009117104307418966	0.0750601309514141	0.009915457482364998	0.125090858170468
20	(.01,.01)	0.05	0.02	4	-71247873.3773092	0.013025419978414887	0.0749455889924353	-71247484.1642723	0.013110824298623092	0.0749558148302058	0.01238517757872093	0.125157442691935
20	(.01,.01)	0.05	0.02	4	-71267514.3547397	0.012745963088538925	0.125109654414099	-71267235.8944903	0.009654815132174921	0.0750573724029389	0.012699935497982984	0.12511843742784
20	(.05,.05)	0.01	0.1	4	-71343115.3191335	0.12099665986123809	0.103438349103438	-71343031.4228558	0.019079291117963026	0.0949774303370953	0.08809975376225798	0.105175566542726
20	(.05,.05)	0.01	0.1	4	-71377779.4264054	0.1261883224480591	0.0956694883947434	-71377684.0740923	0.0981442621812959	0.0954114613799607	0.014017924421438899	0.105468173617964
20	(.05,.05)	0.01	0.1	4	-71386160.701042	0.11151364975005695	0.104048561828482	-71386067.4712799	0.015444293635119899	0.0951756683597804	0.08311430241396489	0.105923879750589
20	(.05,.05)	0.01	0.1	4	-71373329.3115443	0.118775581293176	0.0994199744490663	-71373202.7172011	0.07826613031429897	0.0951871053568078	0.01896813135754405	0.107390248217033
20	(.05,.05)	0.01	0.1	4	-71361641.0733741	0.1130647420736619	0.0958349852855444	-71361517.0900223	0.075650874916102	0.0943528233405096	0.023286277091322916	0.105873608996545
20	(.05,.05)	0.01	0.1	4	-71415118.0068538	0.13077125071737994	0.101501584536497	-71415045.7905808	0.08858356317613991	0.0954988701794314	0.02994104916237894	0.105160184862888
20	(.05,.05)	0.01	0.1	4	-71410593.9310827	0.11029787625264398	0.0975433297944691	-71410563.427956	0.09845981761339606	0.0971705710002153	0.0069183044832160645	0.105228514374271
20	(.05,.05)	0.01	0.1	4	-71360865.4061155	0.1283856396329961	0.101837269942689	-71360767.4485497	0.030767243003957057	0.0938346044414992	0.08312555555050105	0.103996732791754
20	(.05,.05)	0.01	0.1	4	-71368684.736475	0.12011291067845997	0.100877128649852	-71368582.6745804	0.04651590380806292	0.0936267927889705	0.05289683627112396	0.105172217083074
20	(.05,.05)	0.01	0.1	4	-71402258.1393127	0.1353508446341961	0.100836441949414	-71402208.3215501	0.06323895731011908	0.0956822565069191	0.05681878171828303	0.105069099797511
20	(.05,.05)	0.01	0.1	4	-71462273.0786592	0.13560085137037603	0.100810683450217	-71462203.1583934	0.097111017466323	0.0948719042522865	0.024015130320402034	0.105526981177327
20	(.05,.05)	0.01	0.1	4	-71386241.2280192	0.1343465841429391	0.101913716213003	-71386215.3964622	0.06229863029814009	0.0957029962492518	0.05960920832170391	0.104905713206529
20	(.05,.05)	0.01	0.1	4	-71411936.3456438	0.10478207025380193	0.100652152902643	-71411830.2854513	0.023034762346743953	0.094727690965656	0.07518236814215906	0.105096467623283
20	(.05,.05)	0.01	0.1	4	-71377437.5822666	0.11639191780733904	0.100478056905943	-71377336.8183152	0.058178715363159106	0.0954532909719489	0.047069763431498934	0.105703207076425
20	(.05,.05)	0.01	0.1	4	-71405325.4100579	0.130691308938802	0.103953318266527	-71405232.817194	0.018656709835544016	0.0946516018353776	0.09752288737755899	0.105165798057548
20	(.05,.05)	0.01	0.1	4	-71413826.9873946	0.111268562489236	0.101646462667884	-71413712.6840573	0.03559730868142008	0.0951681088068578	0.060398345085235006	0.105065814053817
20	(.05,.05)	0.01	0.1	4	-71461965.2781528	0.12447235791698397	0.100871674462438	-71461899.7796295	0.021225072583022975	0.0951536657272936	0.09148276391242505	0.105007354957495
20	(.05,.05)	0.01	0.1	4	-71422324.9310394	0.1340808804809771	0.100045848641975	-71422255.2071335	0.06087309329649593	0.0955563974197667	0.05724541183816201	0.104610185759569
20	(.05,.05)	0.01	0.1	4	-71395468.0475058	0.11603773755619906	0.0989477324028143	-71395388.266453	0.08244542638878105	0.0957140822634741	0.019385899012879904	0.105204001368132
20	(.05,.05)	0.01	0.1	4	-71387571.2345258	0.1065525670927201	0.101327443378206	-71387473.9778056	0.036406438179903966	0.0953610175706645	0.05715026868728301	0.10462818276213
20	(.05,.05)	0.01	0.02	0	-71401670.0488466	0.165324283126018	0.095564798163801	-71401349.351057	0.080031596821583	0.0945568472661053	0.06504331183878098	0.104669695405453
20	(.05,.05)	0.01	0.02	0	-71407430.0363675	0.17172500293794002	0.0985260519682587	-71406923.3734031	0.01594733502300305	0.0723728885282136	0.1265369764358989	0.101595461582373
20	(.05,.05)	0.01	0.02	0	-71410333.2733473	0.15313087480938503	0.0996984637161684	-71410024.6770334	0.12431113893992307	0.0957239894818891	0.011615404770376925	0.124242917453912
20	(.05,.05)	0.01	0.02	0	-71380709.4585442	0.15439419437191892	0.0951372672308914	-71380204.8296492	0.153525028939681	0.0948391504042267	0.01427786464172398	0.12895466343171
20	(.05,.05)	0.01	0.02	0	-71428907.456678	0.14291510515388106	0.0989423835706251	-71428357.5009515	0.016718473771701103	0.0801107129346765	0.10694953505331606	0.105386125401519
20	(.05,.05)	0.01	0.02	0	-71420541.898405	0.19343416511730105	0.0958394516645438	-71420217.1820124	0.015620590124505007	0.0700141026346338	0.1345481185148959	0.100332689748179
20	(.05,.05)	0.01	0.02	0	-71413343.3020299	0.14374666452103801	0.096875795176769	-71412972.5389238	0.114925789607223	0.0949359382248103	0.012896407217057093	0.124265833391992
20	(.05,.05)	0.01	0.02	0	-71415201.6594519	0.16424128171753605	0.0995675283826259	-71414799.3267636	0.012580564788841953	0.0721487454020602	0.14203840854318306	0.103017516043293
20	(.05,.05)	0.01	0.02	0	-71434241.5608141	0.14732903319992008	0.09921774704257	-71433940.4057759	0.01209069329795609	0.0702005138072188	0.14477979438213595	0.101716391813344
20	(.05,.05)	0.01	0.02	0	-71394026.6142213	0.198742730049556	0.0969697489605301	-71393501.1397954	0.016345347768537022	0.0747112190514288	0.15558462780557802	0.104067330131215
20	(.05,.05)	0.01	0.02	0	-71391100.2792364	0.15248136141741797	0.0950185708468001	-71390738.0223764	0.0174148261640239	0.0804978797674542	0.08020417439780392	0.104758660771159
20	(.05,.05)	0.01	0.02	0	-71384485.1969649	0.13991996446089994	0.097355419380534	-71384122.3551426	0.11739338462692095	0.0960543930141596	0.01168229541714505	0.128602874508121
20	(.05,.05)	0.01	0.02	0	-71393984.7171592	0.12852084810493802	0.104972391535263	-71393505.7068637	0.09289393788553701	0.0956978188097911	0.015114504190301914	0.126159809996915
20	(.05,.05)	0.01	0.02	0	-71421194.941173	0.16806006669020102	0.0959893319170485	-71420718.290433	0.01616406826980299	0.0775506378925206	0.1209408184600601	0.103186142445904
20	(.05,.05)	0.01	0.02	0	-71347834.8972245	0.1672675577344559	0.104648737620072	-71347337.8142787	0.01579934864630006	0.0844579931550748	0.16045478441891503	0.107471986391496
20	(.05,.05)	0.01	0.02	0	-71442091.2844507	0.15933679065249606	0.098288763795692	-71441802.1591258	0.06543111751755792	0.0950309778919878	0.07158878716569994	0.105243590912554
20	(.05,.05)	0.01	0.02	0	-71447199.453943	0.17293646010752406	0.0957173169208243	-71446726.504943	0.15221406496908207	0.0955163334393282	0.01354138804923899	0.12809401959036
20	(.05,.05)	0.01	0.02	0	-71429306.8510385	0.17347750327035705	0.0955795586366529	-71428834.122754	0.017118682490684933	0.0756199087202234	0.11851906390781797	0.101672967628213
20	(.05,.05)	0.01	0.02	0	-71376809.9253791	0.14935753954765707	0.0966051172493319	-71376384.5965463	0.1368325835917199	0.0965953583639894	0.012665609600858052	0.129939627916363
20	(.05,.05)	0.01	0.02	0	-71466081.4043765	0.20009998439682397	0.0987123018728212	-71465585.6565245	0.01402423097555805	0.0700832918422828	0.18452667180279503	0.103329078843577
20	(.05,.05)	0.01	0.1	0	-71460995.3720762	0.11894750768769691	0.102091393872265	-71460907.3697255	0.0537177199012181	0.0952692449772821	0.05072030109245895	0.104886330099318
20	(.05,.05)	0.01	0.1	0	-71390268.2593126	0.10976450937713611	0.103639479697455	-71390163.6819368	0.06579506211623609	0.0957945253968559	0.031134413904675085	0.104948623700082
20	(.05,.05)	0.01	0.1	0	-71355135.3026554	0.11669325792947605	0.101693041594667	-71355037.736891	0.08319430319741794	0.0950894110270175	0.02182109686253897	0.105240927502162
20	(.05,.05)	0.01	0.1	0	-71480423.3065781	0.13118945251830005	0.0994114768318941	-71480350.7889152	0.07144206346293902	0.0957500579006702	0.04905022683641602	0.104904615704735
20	(.05,.05)	0.01	0.1	0	-71409487.2802777	0.11857294859310097	0.100550645434577	-71409442.0617599	0.05225361069839907	0.0955318825905208	0.054772544853164074	0.103033836227908
20	(.05,.05)	0.01	0.1	0	-71375543.5171226	0.13379697062140494	0.0982637045844542	-71375470.2057005	0.06341456514160304	0.0956703077736459	0.05537964019538011	0.105490340743366
20	(.05,.05)	0.01	0.1	0	-71392951.0443038	0.12155470317252093	0.0976213149067339	-71392870.6083983	0.09724070949046293	0.0949354770779579	0.014036798526100958	0.105310822114904
20	(.05,.05)	0.01	0.1	0	-71393689.3781961	0.11255290825446307	0.102760652924044	-71393565.292131	0.07972060804326209	0.0954925617996386	0.019268818133320043	0.105166741088674
20	(.05,.05)	0.01	0.1	0	-71398908.0166999	0.13416201122319704	0.102812763262779	-71398844.7726237	0.015106105975138062	0.0950409523966892	0.10986085335624507	0.104788526177019
20	(.05,.05)	0.01	0.1	0	-71404765.3491879	0.11667896323563998	0.0999001231615058	-71404718.9040649	0.03337282874619907	0.0957230669149846	0.07152994709806293	0.105080818431075
20	(.05,.05)	0.01	0.1	0	-71439089.1410672	0.13605667981132108	0.101260046095814	-71439002.0590135	0.07718679849090293	0.0952512470303267	0.046219232478123096	0.105567263332406
20	(.05,.05)	0.01	0.1	0	-71370814.0357056	0.1239630887135359	0.0996469672871853	-71370738.2849746	0.022991934697404015	0.0938991764115074	0.0902482945778561	0.101992186427172
20	(.05,.05)	0.01	0.1	0	-71403750.7270555	0.1267758399281409	0.0988422268283674	-71403671.5110854	0.049528085018184065	0.0956868815185717	0.063837777181456	0.105453078570948
20	(.05,.05)	0.01	0.1	0	-71440183.3320439	0.127090376708482	0.102177681756425	-71440098.3476616	0.031539157503499005	0.0948902739231064	0.0798380583113969	0.10451031205049
20	(.05,.05)	0.01	0.1	0	-71374290.8425781	0.10351968456540495	0.0957893220529369	-71374166.9770887	0.06722152175519891	0.0945828276649363	0.022227417891614976	0.105137044068592
20	(.05,.05)	0.01	0.1	0	-71360468.0856605	0.12582568414205908	0.101019801149377	-71360380.1654861	0.03078891945861606	0.0941082197312099	0.08232345499885707	0.103385855336481
20	(.05,.05)	0.01	0.1	0	-71407762.7903928	0.13054552066704195	0.102566431172489	-71407670.2672664	0.08036845388737601	0.0955242772355898	0.03316013832730391	0.105561524698439
20	(.05,.05)	0.01	0.1	0	-71355559.6031117	0.12153191958860499	0.0980093257638789	-71355426.5385755	0.03876588220342192	0.0945897448123167	0.06906622816181696	0.105128024218774
20	(.05,.05)	0.01	0.1	0	-71439249.2868117	0.12026026049475802	0.105242463692899	-71439115.0981806	0.021247796260236096	0.0942529869440784	0.08334626007580004	0.105829543443975
20	(.05,.05)	0.01	0.1	0	-71445304.7818302	0.13500941063388094	0.101539946302217	-71445257.1548882	0.010742470562401074	0.0935784071027817	0.11829425863528298	0.101904624629474
20	(.01,.01)	0.01	0.02	0	-71296334.2322937	0.016641395223977007	0.0957977339634087	-71296214.6589105	0.01150617053187597	0.0955249246044441	0.0077373981265589364	0.105531228569865
20	(.01,.01)	0.01	0.02	0	-71302148.2409389	0.017905451131103978	0.104944918556563	-71301963.0403123	0.00932832233022396	0.0950884675547066	0.010727666411399994	0.105153159041386
20	(.01,.01)	0.01	0.02	0	-71329974.5950238	0.018196243697418013	0.0965388197887636	-71329833.2259501	0.011260015510697996	0.0952414593623649	0.00896768433372408	0.105121464305042
20	(.01,.01)	0.01	0.02	0	-71313083.9844027	0.020468241539001064	0.0951708211891375	-71312923.437284	0.01310828781559803	0.0950996679302798	0.009032390207154961	0.105255253365199
20	(.01,.01)	0.01	0.02	0	-71332949.535143	0.01868206679616191	0.0951809930629124	-71332811.4489076	0.0124661963405851	0.0951709828894543	0.008403379046597936	0.105076567310697
20	(.01,.01)	0.01	0.02	0	-71319020.1265496	0.02049879307767799	0.0972373025361588	-71318899.0591424	0.013080014247183969	0.0948435882378842	0.0081319916508239	0.105113814158706
20	(.01,.01)	0.01	0.02	0	-71312688.9779293	0.017140762841334922	0.0965729163584038	-71312547.9149998	0.010902160573655895	0.0957874880667622	0.008684849205178091	0.105030932779683
20	(.01,.01)	0.01	0.02	0	-71349953.1087629	0.0215872035066369	0.0979958042543437	-71349761.4426565	0.011478439138079999	0.0951274932290145	0.012028840496397963	0.105145211326414
20	(.01,.01)	0.01	0.02	0	-71270263.3509587	0.014293665964820068	0.105107352675826	-71270101.6974276	0.008716747714957895	0.095426143894549	0.009133314516142077	0.105478066242014
20	(.01,.01)	0.01	0.02	0	-71339560.606483	0.01684566601392501	0.0951988858759707	-71339426.536881	0.010275628126517056	0.0951149862697011	0.008092846175940971	0.105144804983404
20	(.01,.01)	0.01	0.02	0	-71272826.9007985	0.01910583120070397	0.0966965448216743	-71272629.0131414	0.011180146124359025	0.0951110183996885	0.010129411247200903	0.105346989309496
20	(.01,.01)	0.01	0.02	0	-71325283.2976817	0.017718573254197012	0.105092391770088	-71325081.589829	0.010555208502738056	0.0952009765628605	0.010639777328162903	0.105069045606039
20	(.01,.01)	0.01	0.02	0	-71332653.7990152	0.01869707201259896	0.103829623656792	-71332495.3096383	0.0090289198207959	0.0944428330987472	0.011474636723635911	0.105085226201104
20	(.01,.01)	0.01	0.02	0	-71308176.9319779	0.019052463011120957	0.095183540899235	-71308026.6411	0.0120308767601629	0.0951251732716263	0.008721463798281093	0.105204357306231
20	(.01,.01)	0.01	0.02	0	-71324846.9549336	0.01645344526918402	0.095228734915896	-71324699.9063642	0.010920672497878092	0.0951012409661914	0.008304643188675964	0.105170034693387
20	(.01,.01)	0.01	0.02	0	-71295358.2715875	0.01681599050308391	0.102912496707962	-71295189.959947	0.008816457661658061	0.0952360533466659	0.010886390523736078	0.105363276471939
20	(.01,.01)	0.01	0.02	0	-71367064.0380446	0.018285556783503965	0.105048280460047	-71366895.3584181	0.009349869205981909	0.0951812789258966	0.01072359652122401	0.105177940341466
20	(.01,.01)	0.01	0.02	0	-71287014.5911815	0.015653397675862046	0.0952281866862991	-71286864.0841066	0.009741287230202067	0.0951648401362678	0.008549671157518035	0.105300307734488
20	(.01,.01)	0.01	0.02	0	-71291835.4367607	0.014396084481337112	0.105147305743533	-71291712.4629206	0.007489061042519007	0.095140960604293	0.009749353500617008	0.10518887352415
20	(.01,.01)	0.01	0.02	0	-71303790.9739838	0.012831782657305113	0.104998001014244	-71303607.7695954	0.008481992630424928	0.09518237617268	0.010923406079222042	0.1050731134982
20	(.01,.01)	0.01	0.1	4	-71268061.68077	0.018038602434280016	0.104194212323836	-71267933.0947278	0.00840460429563794	0.0953685609004394	0.009707948841157	0.104652497202657
20	(.01,.01)	0.01	0.1	4	-71342545.2150047	0.02090565130495703	0.0957047922633213	-71342384.3441824	0.011172987795761036	0.0951290208093282	0.009506171748483894	0.105025206236627
20	(.01,.01)	0.01	0.1	4	-71318480.6653608	0.014094552520900083	0.10409278525504	-71318374.4856164	0.007520605767840971	0.0951514909685441	0.008080517553296973	0.105227279721534
20	(.01,.01)	0.01	0.1	4	-71273392.3928545	0.017483324248159904	0.105052234329977	-71273271.6882961	0.007421904220424103	0.0949287735989408	0.010904947426339073	0.105059155660742
20	(.01,.01)	0.01	0.1	4	-71323486.1142622	0.021371887196404038	0.0957046873051812	-71323342.4527775	0.011800433622481066	0.0952069029412755	0.009137522986158109	0.105090768126234
20	(.01,.01)	0.01	0.1	4	-71240603.2526999	0.017527941959676996	0.0957065110145194	-71240517.5416756	0.012067350312401026	0.0949078212359053	0.006189485496898017	0.105013264118348
20	(.01,.01)	0.01	0.1	4	-71288621.6712547	0.016715523267078924	0.0958339618531354	-71288461.4225748	0.010043815262315903	0.0951397865432924	0.008806899721003902	0.105054557561839
20	(.01,.01)	0.01	0.1	4	-71294064.5019367	0.014656783151858921	0.104211141312138	-71293945.7890898	0.007242777180777926	0.0944442822370388	0.008786598973382964	0.104967363047973
20	(.01,.01)	0.01	0.1	4	-71213303.9473216	0.01763316395331893	0.105325786697976	-71213167.2657984	0.007930635144544063	0.0951453414829761	0.01127406303980194	0.10555723133497
20	(.01,.01)	0.01	0.1	4	-71324570.9404833	0.015435800043624992	0.104089769394203	-71324481.9517834	0.006896675626855031	0.0948248365828517	0.009627582891135966	0.105860460317793
20	(.01,.01)	0.01	0.1	4	-71295465.4219701	0.020184584627617075	0.105324250152355	-71295291.8661801	0.009247949817999035	0.0950540047384534	0.010874947373043953	0.105368237476043
20	(.01,.01)	0.01	0.1	4	-71336382.0071259	0.01052483338211796	0.0952327128250252	-71336293.2212011	0.007406794857363952	0.0951911306969119	0.005722461886936925	0.105426419535129
20	(.01,.01)	0.01	0.1	4	-71283616.2507181	0.017442363954521922	0.0957054253710337	-71283447.8273339	0.010032549435042948	0.0953837412740695	0.009836389703358095	0.105073359058657
20	(.01,.01)	0.01	0.1	4	-71209340.7203283	0.019465222805260973	0.105166034365542	-71209208.8161483	0.00795744137584209	0.0945911349892957	0.011555778754757107	0.105096874810053
20	(.01,.01)	0.01	0.1	4	-71342911.1327678	0.0213611543809189	0.0957032022307561	-71342735.1684216	0.01078454622573699	0.095205860801709	0.009744497659882945	0.105466967881753
20	(.01,.01)	0.01	0.1	4	-71298064.879194	0.016525174967477074	0.105350623589062	-71297905.1419952	0.008466234010759965	0.0953315465728861	0.009672414540456975	0.105513151138847
20	(.01,.01)	0.01	0.1	4	-71354481.9244604	0.020851698113841022	0.0953451492340044	-71354339.0313436	0.012029201537640977	0.0950185019100545	0.008955404323440996	0.105507934151921
20	(.01,.01)	0.01	0.1	4	-71306441.8855773	0.019053358716440094	0.105314616721591	-71306266.0098044	0.009224187116999905	0.0952752338138328	0.010166845531197066	0.105105489627625
20	(.01,.01)	0.01	0.1	4	-71261284.2511535	0.013415042549136946	0.095056477452627	-71261160.1363084	0.008592202175439101	0.0950006543995549	0.007501631802381059	0.105078453981522
20	(.01,.01)	0.01	0.1	4	-71308255.035693	0.0182477937764991	0.105320888422108	-71308086.659492	0.008996086784419988	0.0947742490585586	0.009780043002939998	0.105177135742159
