count	gens	miss_t_f	lnl0	sel0	loc0	lnl1	sel1_0	loc1_0	sel1_1	loc1_1
20	1000	2	-71375301.9045869	0.018176341310258026	0.10507776007476	-71374838.2492252	0.005180203453114984	0.0949950918165687	0.010457157233701997	0.10522994702508
20	1000	2	-71368418.4694299	0.019563510259922978	0.0957040568471306	-71367920.6273693	0.008889017337764038	0.0951581985010458	0.00752857632272097	0.105062913358104
20	1000	2	-71381437.1165828	0.024517255840941	0.0957032766792522	-71381105.0291023	0.015630949030717045	0.0952339674835445	0.004247559409882085	0.105086727382285
20	1000	2	-71421641.8488318	0.015859653732304024	0.105061325409994	-71421038.2026628	0.007475570645004037	0.0949081698772607	0.006642624033759037	0.105323592296143
20	1000	2	-71383268.8187922	0.020866998775864065	0.0957750424293055	-71382880.5940473	0.011313989198841079	0.0956919143630836	0.005999239801959044	0.105324498777291
20	1000	2	-71352965.401818	0.02075944635080096	0.0958396295618157	-71352481.1256455	0.01096747668728193	0.0952234940074894	0.006077879233483019	0.10557335071068
20	1000	2	-71293449.2719914	0.020379479873778972	0.0957047400211596	-71293019.8550675	0.011804183712143979	0.0952095324131859	0.005530841751877014	0.105160383833164
20	1000	2	-71303734.2302895	0.01846931844786104	0.103997867550806	-71303127.6476593	0.007936659374123023	0.0953449101505798	0.00786172424855991	0.104966960121792
20	1000	2	-71345365.1620256	0.015506532072960044	0.105177787100226	-71344706.6911955	0.007061661999017921	0.0953439365264413	0.007852970333960041	0.105553813402644
20	1000	2	-71277130.2323239	0.017303060252681912	0.0955199182905354	-71276665.2474715	0.009039009225997985	0.0952172971790939	0.005770906518319019	0.105154537339317
20	1000	2	-71344478.1778575	0.018875685510359008	0.104099727588754	-71343931.0674165	0.00697894203039906	0.0952351988472989	0.009174109216560034	0.105020559457858
20	1000	2	-71329367.6982801	0.01612947092882011	0.0957049540017089	-71328830.4728846	0.007131179249844077	0.0954346638583592	0.00665340121842295	0.105054661712658
20	1000	2	-71295586.823147	0.015091697044362973	0.104195687520629	-71294991.3115813	0.006317998847880091	0.0951602567156277	0.006669097790721001	0.105095213166753
20	1000	2	-71335617.9891778	0.0197055239868571	0.0953455284032158	-71335092.2827843	0.009379267132255897	0.0952340977338648	0.007299035285360023	0.105240921642065
20	1000	2	-71371706.6604232	0.015252670612199926	0.0957041976320213	-71371154.3255298	0.0070131836075639775	0.0953592084931916	0.006795051072303049	0.105222595245416
20	1000	2	-71303543.1106892	0.01858498019725896	0.0953469750833837	-71302913.2983559	0.008431308160857909	0.0952133185665169	0.0074650574515239265	0.105226586658169
20	1000	2	-71306522.2396093	0.015501509519784018	0.0957041441295138	-71306037.4974629	0.008444730716203996	0.0950432440850772	0.005014903137925075	0.105128931720248
20	1000	2	-71349823.1776669	0.014240599036718926	0.105052848006878	-71349271.954803	0.005332604873178104	0.0950484702798004	0.00778448153844391	0.105156801169792
20	1000	2	-71305978.2769974	0.020853897398120047	0.10165920491061	-71305635.3405438	0.0076809268618569515	0.0957047575072788	0.010357656763483991	0.105156595996695
20	1000	2	-71284174.444385	0.021254100757838068	0.0955221007641619	-71283796.9533925	0.01231489596049895	0.0950432652473896	0.004776289997601935	0.104932240501364
20	200	0.8	-71256539.0771223	0.027579131816643065	0.103143993870263	-71256537.7033197	0.0031341289864809108	0.0717828098635141	0.026390109075823065	0.103245818598565
20	200	0.8	-71289297.7097035	0.028805337815200005	0.103830783945203	-71289280.7081232	0.013988044730820937	0.095465824108379	0.015759733434823064	0.10480843851688
20	200	0.8	-71311688.6825828	0.02574603716282109	0.0964617709818029	-71311674.5389549	0.016498348575924027	0.0963842161617936	0.01169370461652297	0.105026624157339
20	200	0.8	-71295815.6757314	0.02345957527228193	0.104243148902432	-71295802.9657217	0.007855783818524031	0.0875893104546466	0.018033475120162068	0.104743236927284
20	200	0.8	-71264179.7446236	0.0237998458961991	0.0954986132184312	-71264161.0156298	0.019315596245496947	0.0955394614378879	0.009171004385578052	0.118768537157789
20	200	0.8	-71294347.7694703	0.018461799384856925	0.104756264014108	-71294332.390324	0.012177517579881059	0.0979878171341923	0.009796689297436045	0.128002128700589
20	200	0.8	-71291116.0859962	0.02418532486102498	0.0949668358547913	-71291095.0600918	0.014080606565181064	0.0952391059907998	0.012311973348600902	0.105078972105421
20	200	0.8	-71300222.169609	0.02368279964658304	0.095688188174301	-71300204.8159634	0.013720547980561104	0.0955436563426163	0.01225079712565802	0.105316328062911
20	200	0.8	-71306195.0304933	0.022237055181555943	0.0957471747511305	-71306177.2613368	0.013267034999504101	0.0921520446228943	0.012951908755104102	0.104300889227089
20	200	0.8	-71286802.5282547	0.024399245332634933	0.104617328481245	-71286779.544941	0.011416056934444918	0.0912847815728182	0.016911486037879064	0.105087050878793
20	200	0.8	-71335536.7111783	0.022913485045503057	0.106864281882329	-71335527.4979883	0.006805567861921102	0.0945718285907633	0.018131219390935982	0.107443350197978
20	200	0.8	-71244398.1454988	0.023065701397965044	0.0953291769962025	-71244390.8157189	0.017342599693382033	0.0938446059173695	0.008086672637481973	0.104643411024038
20	200	0.8	-71234656.985364	0.023401801454222104	0.104265164951597	-71234639.6474795	0.00979307064647894	0.0921125033262243	0.015316189886461107	0.104771889441554
20	200	0.8	-71276549.6977307	0.0227677324644191	0.0965189910567479	-71276532.6513268	0.01275032878165605	0.0964391447984496	0.011876402365081917	0.105236132098076
20	200	0.8	-71294951.9702519	0.02642626371478407	0.104018541253326	-71294943.3770043	0.009140681433404962	0.0965744999515662	0.018034070889775933	0.104055698923294
20	200	0.8	-71254763.6940801	0.01932604668596294	0.097857414268661	-71254757.4157526	0.011055335199442018	0.0979434952126459	0.008323066486421893	0.104895648812232
20	200	0.8	-71233444.0749964	0.02137620233369908	0.105182313602822	-71233433.56524	0.008858472794402106	0.0947454619687196	0.013732857181780966	0.105128220260329
20	200	0.8	-71228458.6747373	0.020919588233699105	0.101768494601588	-71228447.4212423	0.009291736100583092	0.0914409800540405	0.013539015730039017	0.10267700183587
20	200	0.8	-71278628.5826785	0.025876101708814936	0.1033715149172	-71278593.5817448	0.01274904282102296	0.0707071423938997	0.018748973150160997	0.105254551155459
20	200	0.8	-71328517.5199612	0.022758186083234988	0.094639486840925	-71328508.4223085	0.016496998583840017	0.0947016382331694	0.007881854526039955	0.104981264827473
20	500	2	-71287871.1251635	0.023164728901176934	0.104102734117211	-71287694.0665421	0.005248322443079045	0.0952264366056222	0.01412266218179703	0.105322123104817
20	500	2	-71298169.1547163	0.022052952581218088	0.0958400563307497	-71298001.3735657	0.00780193084344194	0.0943576417232211	0.009099893887103971	0.104099357901939
20	500	2	-71312273.4758392	0.02059597163575899	0.094880882286779	-71312055.8499289	0.010974646720802061	0.094910026849594	0.005155258990476974	0.105067539685466
20	500	2	-71280897.1260034	0.0114135876647391	0.0957038919440955	-71280700.5619945	0.006176629914957044	0.0953476847159718	0.004750600394918036	0.105095732177636
20	500	2	-71311281.8114824	0.016718170162099977	0.0957057147351936	-71310968.5219154	0.00689976933383496	0.095347535336675	0.00756550938569589	0.105051550795697
20	500	2	-71268704.0474276	0.015032651508242956	0.0957047929376857	-71268474.1358995	0.007498612183816089	0.0957049351297395	0.006552581814922909	0.105319347883048
20	500	2	-71278887.879409	0.021156416071702044	0.0949098668348687	-71278704.0757471	0.010853293269441955	0.0949074219384388	0.005316419066394906	0.105289469599203
20	500	2	-71287879.4021944	0.018093231311903102	0.100818477880691	-71287685.6180478	0.007622214986400921	0.0953466021964419	0.005770766964121932	0.105071541502244
20	500	2	-71221201.0632697	0.012739694212902997	0.0957035455360521	-71220972.8216716	0.005596092614500892	0.0952307134273198	0.0062341491423809625	0.104210363469064
20	500	2	-71334028.024461	0.024601536083654896	0.0957041390846359	-71333855.355403	0.01567747665095709	0.0957056509572568	0.005019335186516094	0.105540960767976
20	500	2	-71335751.0872704	0.024174257197521087	0.100818883455118	-71335521.9575615	0.007970139832584988	0.0957062350681471	0.007966590340260926	0.105315305158209
20	500	2	-71257648.324716	0.018813901638719988	0.101659414492173	-71257515.3333777	0.006670186418116897	0.0949075419159274	0.006314436367503062	0.105318360032566
20	500	2	-71289607.8240006	0.01512248141874395	0.105323599412306	-71289317.6303588	0.00592440692122409	0.0952096392200938	0.008258146963283974	0.105318540328854
20	500	2	-71346071.9677306	0.015167145254378012	0.104100292847161	-71345858.3621373	0.00566770627879809	0.0950434302006259	0.0072457286109191	0.105065794198447
20	500	2	-71347971.8864429	0.017569996739874916	0.104101154914259	-71347768.5951964	0.005888255592504055	0.0953300832207724	0.008958427265976066	0.104101519634441
20	500	2	-71360523.5728699	0.012549812451015052	0.0957057901862648	-71360276.9048921	0.006258528399461061	0.0955257971192527	0.00579392842681703	0.105054518977615
20	500	2	-71313475.7204881	0.014835645964879962	0.0957057861818184	-71313222.0248243	0.006823266501499892	0.0953482042559289	0.005840585108816021	0.105163253463286
20	500	2	-71314914.0564296	0.01737167177597898	0.104101220704917	-71314657.4657563	0.006503761830198074	0.0957005299879115	0.00759571074255605	0.105321629312528
20	500	2	-71354773.8666736	0.014796055258422092	0.0957054121018491	-71354524.6389177	0.0070254460348389	0.0952375897591936	0.00617261052667506	0.105159426031374
20	500	2	-71303496.4617726	0.012441409391021008	0.095705144092527	-71303290.0742548	0.006408283726358044	0.0955241083791732	0.0050849535795189915	0.105053473087546
20	100	2	-71284958.8921959	0.007296541349878893	0.0732727176967715	-71284954.7758506	0.005760952956957999	0.0701987845392551	0.0040899471604959325	0.101342365703768
20	100	2	-71296023.3728992	0.006626389124120946	0.103215997630467	-71296022.7547065	0.0014936646102020612	0.0968186371902151	0.005620164950382978	0.102861164520207
20	100	2	-71257702.0274295	0.012937696792657993	0.101797914483577	-71257689.9905165	0.008770309957143008	0.0934883796290092	0.007204963914997031	0.111495598669055
20	100	2	-71321669.3859142	0.0007458345164750302	0.101631354388955	-71321669.2024287	0.0005002144365960914	0.0999518977430192	0.0008561996472199462	0.10115099418208
20	100	2	-71320366.0261869	0.011084805053605096	0.0879372172106998	-71320362.3522466	0.008489174091557916	0.0877816314636489	0.003961400852397046	0.103577639891607
20	100	2	-71254987.0218934	0.009498303522956997	0.103153555874822	-71254982.5603196	0.005810543307798954	0.099510151459763	0.005297024923696103	0.116815055241174
20	100	2	-71249196.9633112	0.00912834595169909	0.0941620441042363	-71249196.3067054	0.007527415806436011	0.0944288684564596	0.0022927923938800276	0.104791359983378
20	100	2	-71290299.8290128	0.005471215166801935	0.0950596092997556	-71290299.831044	0.005034534514679945	0.0949880295073591	0.00015116431791895035	0.100676756111039
20	100	2	-71270147.9232933	0.008003684962120894	0.0911646288778797	-71270147.2371068	0.006094950462078086	0.0910499335539598	0.0019432317911429742	0.104754446499637
20	100	2	-71261246.1714939	0.00070323538946504	0.104936194945742	-71261246.1867873	5.0837752424093274e-05	0.0998105774371582	0.0002971704568009992	0.105710236587188
20	100	2	-71258120.7434429	0.009198066713380082	0.105917647544331	-71258120.5425531	0.0015709105967199877	0.0986258948987812	0.008053010856242104	0.10596059170539
20	100	2	-71341086.4407115	0.00861333133281994	0.0915246561438258	-71341083.5040007	0.0045038240223829185	0.0793241242965445	0.005952815274417045	0.101590606847134
20	100	2	-71256219.4800134	0.00751632778920408	0.086304783435301	-71256219.2531894	0.006356397150577897	0.0861948365307584	0.0003122874813390464	0.101257697860129
20	100	2	-71298233.8127368	0.0017215097895199039	0.104792838571664	-71298234.0285315	0.0007837987600181062	0.0955278640450004	0.0009243699826190221	0.1072360679775
20	100	2	-71265040.8674338	0.004676372119435057	0.102892542290935	-71265040.8237974	0.0006406439841839529	0.0993421503204175	0.004247823710018084	0.10280629706597
20	100	2	-71262472.0133815	0.005712237705998047	0.104459999506916	-71262471.7976645	0.0006251359459810146	0.0878624071368614	0.006208349736260943	0.104670967645251
20	100	2	-71338792.4610753	0.007723427838056018	0.0938774134794408	-71338791.2459161	0.006653217249861898	0.0915093826894812	0.0019900241351389347	0.103123849701483
20	100	2	-71312938.4612827	0.008617075925500095	0.103676158007341	-71312937.8260574	0.002704355048118945	0.0998960958846303	0.007268157582378976	0.103102456174305
20	100	2	-71292710.6869141	0.006193284466082027	0.0977589261448257	-71292710.0972939	0.005941308886177055	0.0979093513467772	0.0006701575314979058	0.105880718226345
20	100	2	-71213039.756351	0.007772356413437098	0.0999437625691569	-71213038.1884522	0.003277433135298935	0.0949315995110342	0.005205004442502936	0.100049433585301
20	500	0.8	-71262796.5547616	0.01778538778280203	0.105054521589844	-71262709.4262213	0.008234861085138934	0.0952647954724207	0.011497984921198023	0.105058954951736
20	500	0.8	-71233560.6490404	0.01958816197862101	0.105320118576823	-71233427.1655045	0.010093766807957039	0.0951324303462684	0.011432545092860957	0.105242204448986
20	500	0.8	-71358817.9521847	0.0213013733358981	0.105061668672275	-71358686.2485919	0.010566054758294974	0.0946156333271845	0.0125171202348201	0.10508741943657
20	500	0.8	-71319470.9280202	0.02186702174877697	0.105315426742489	-71319326.0858072	0.010456609647396031	0.0947573332873449	0.012396080059079106	0.105106604417416
20	500	0.8	-71303498.9729799	0.021437378613281988	0.0958383007536172	-71303383.5582149	0.011873285072780071	0.0952505904384264	0.010404910790780986	0.105001300042683
20	500	0.8	-71331550.108424	0.026034151366196023	0.104187984217877	-71331395.8890733	0.012105818828544113	0.0943099950044497	0.013470471406340057	0.104967609081742
20	500	0.8	-71306366.4124128	0.020852938100859086	0.104812109529884	-71306239.4262206	0.009963371947375954	0.0936192564312121	0.012791118287997949	0.104724893467338
20	500	0.8	-71314615.5041167	0.02546139184574192	0.104102959900147	-71314482.1097688	0.011755739577540059	0.0952283540347925	0.01186091309334203	0.105226725071848
20	500	0.8	-71339477.4336313	0.019109950140085097	0.105314866078226	-71339344.4774806	0.010378433284539024	0.0950066896886326	0.01055465419068391	0.105133107593088
20	500	0.8	-71295645.0478593	0.019090921165921926	0.0957694218276547	-71295514.6955496	0.011268767030418902	0.094888534319956	0.010158695905880033	0.105100390135627
20	500	0.8	-71316590.5857194	0.023898510428185027	0.096427614748144	-71316490.7512439	0.014005955442339957	0.0959202908354135	0.01015081628496195	0.105049809285201
20	500	0.8	-71342307.8793236	0.034197291301502064	0.104101519185563	-71342186.0702048	0.012472450867634932	0.0953342542875131	0.013772434938280953	0.105412702216297
20	500	0.8	-71292502.1073408	0.020554498241784014	0.105092581962176	-71292413.7181424	0.007680730364975075	0.0951726473566054	0.014229600031942957	0.105122609105288
20	500	0.8	-71297349.3745645	0.020624597641942022	0.0952357654435442	-71297217.3403472	0.012468875585180061	0.0951912581884092	0.00982932356175692	0.105189114492381
20	500	0.8	-71314772.1539374	0.013552452835336015	0.0950487588062485	-71314672.3796095	0.008129856817362002	0.0949856593752637	0.008328004992760096	0.105090215409928
20	500	0.8	-71270469.0667775	0.02256125005823595	0.0957706924798611	-71270349.7163307	0.012941799018380995	0.0953329311449112	0.010176409907496908	0.104993151374581
20	500	0.8	-71288468.1401706	0.02065309959210404	0.0952244175006071	-71288349.625407	0.012439273317176092	0.0951411064817118	0.009772296588063889	0.105087208966538
20	500	0.8	-71353745.2977975	0.023764693344000998	0.0958390010991708	-71353668.5356395	0.014700197752878896	0.0951737095259956	0.00840867434994308	0.105112259293242
20	500	0.8	-71330389.9399962	0.0200130573377999	0.104181669488284	-71330270.6724973	0.009501714765900005	0.0952000632510363	0.011253614093939102	0.105082944838528
20	500	0.8	-71333597.954867	0.018074054911040083	0.104975428820496	-71333463.7120354	0.010040441193341021	0.0950691804569709	0.010955079371742893	0.105109480730408
20	1000	1.2	-71311720.1113797	0.022279260092405107	0.0952179144896613	-71311365.0102741	0.00891827838980308	0.0951537803152653	0.008031919468603932	0.105165994582122
20	1000	1.2	-71316665.2145889	0.022780669877515036	0.104096899486997	-71316294.6012087	0.008241278567521104	0.0951940297736956	0.010097505334865087	0.10520875525285
20	1000	1.2	-71336012.5800865	0.025744671588443957	0.0955216409924412	-71335795.5212726	0.015756598456335036	0.0951893821543268	0.00551898326496103	0.104971449655604
20	1000	1.2	-71316602.6718429	0.022806143421539082	0.104916096362437	-71316244.7853939	0.006973678153521901	0.0952267655996583	0.011696297034739067	0.1050517834654
20	1000	1.2	-71342111.5209503	0.01963868092392096	0.105096398430859	-71341802.2891765	0.0068109809345180405	0.095603915592114	0.009472388612299931	0.105177044314537
20	1000	1.2	-71319094.8827636	0.02613311751193592	0.0952346001196986	-71318802.8157349	0.012966802884419981	0.0950438213818358	0.008097467789355939	0.105311971452254
20	1000	1.2	-71279487.063042	0.02002506616275701	0.0964287044086016	-71279105.8748701	0.009305417576600972	0.0957001134541986	0.007670362278681009	0.105095214286028
20	1000	1.2	-71279499.7928286	0.022382951376258897	0.105094335217026	-71279216.5436142	0.005556674246176008	0.0950834001622997	0.013496126473458103	0.105109899748488
20	1000	1.2	-71322179.2450706	0.020065976327897084	0.105317505768672	-71321860.3747517	0.005981608936397098	0.0950765011360454	0.010512230299456915	0.105319364541621
20	1000	1.2	-71275938.1461325	0.01907048482124407	0.0957049252629519	-71275565.1824338	0.007609363992857943	0.0952365642327141	0.008228597162139084	0.105162634408132
20	1000	1.2	-71336949.1007609	0.020766026256163972	0.104099875314209	-71336585.4277303	0.009025603511402913	0.0957049272068241	0.009600393225417059	0.105125870114064
20	1000	1.2	-71356483.8470407	0.01857995505429899	0.0955237283396574	-71356207.5894837	0.010152529488180018	0.0952262673428318	0.005173483346177066	0.104981528241141
20	1000	1.2	-71301166.5725873	0.02027226441644503	0.100817602182341	-71300781.502365	0.008474276186043905	0.0949072075497296	0.008492381568534935	0.104968290159288
20	1000	1.2	-71296063.0771636	0.02069182128655589	0.0956976858900685	-71295672.7303454	0.00874860270491895	0.0952280043179376	0.00881511246804001	0.105159103447175
20	1000	1.2	-71326198.0218721	0.019086447841459075	0.105019684653677	-71325786.3003089	0.007665502487762099	0.095159758389231	0.008643846621203988	0.105094444055581
20	1000	1.2	-71312756.1550684	0.02205649213715999	0.0957041956817797	-71312446.0569342	0.010598614436217013	0.0952223267106048	0.007133494367103088	0.105064695711941
20	1000	1.2	-71367773.7441116	0.01588899100384089	0.105059390962487	-71367436.6297852	0.005688267612975917	0.0951488838184188	0.007962327128935964	0.105025366207725
20	1000	1.2	-71294945.1835843	0.02014323002197904	0.0957041939422616	-71294562.2720608	0.00828005035990198	0.0952303674952556	0.008158118928321967	0.104675800234819
20	1000	1.2	-71276422.6904033	0.02044005793271908	0.095702357150237	-71276067.2870714	0.010722331930535955	0.0951600838625396	0.00690215672890393	0.105087453808286
20	1000	1.2	-71276599.3594256	0.018710445698937983	0.0957020321020304	-71276262.7337824	0.00726201283695993	0.095234506673059	0.007847481367302067	0.105288481505465
20	500	1.2	-71324335.4667813	0.02560986984038094	0.0957046803959787	-71324149.4746527	0.010874885241976995	0.0952339611126758	0.011281742676004014	0.105309496321686
20	500	1.2	-71316224.0795345	0.027078687444160088	0.0957748664053047	-71316016.2971205	0.01208530434182209	0.0953478476200549	0.011053740147882962	0.105075893670294
20	500	1.2	-71257604.6220385	0.0183482734043251	0.104103248835205	-71257442.2262193	0.008135623643781953	0.0947168221787165	0.008944303529402897	0.10477724106177
20	500	1.2	-71301636.0390754	0.02132926571562299	0.0957064999954626	-71301498.1453526	0.012069213752239905	0.0957016656022579	0.007857313316901982	0.104972914449176
20	500	1.2	-71320621.8567875	0.022355568691137084	0.105322301009117	-71320489.5048699	0.006813609097178985	0.0952579892720274	0.013157212683680086	0.10531941275361
20	500	1.2	-71318910.4689461	0.015935126639719965	0.104102658089838	-71318797.4790542	0.0066291369713429305	0.0957515530791695	0.008768308348619969	0.104970909182356
20	500	1.2	-71332501.1392316	0.013833102124822028	0.105289517834466	-71332318.7622961	0.007193413709937091	0.0950750049792234	0.008314260109216987	0.105103052076927
20	500	1.2	-71288993.4375028	0.01677200541658208	0.0957063474506314	-71288816.3785119	0.00941891220396407	0.0954328020000743	0.007968814182884087	0.105386547607167
20	500	1.2	-71290467.7685123	0.01322907652896299	0.0957056722859062	-71290278.2829608	0.007437767091203917	0.0952100506103616	0.008038551124677107	0.105489248886949
20	500	1.2	-71346445.2738087	0.02607297766305794	0.104099429392134	-71346345.1855166	0.007605283151377984	0.0952390538025672	0.011773546654539002	0.105059409151187
20	500	1.2	-71312171.2842796	0.02377635078423701	0.10410049684855	-71311986.2880996	0.00984100740792393	0.094945589026567	0.010593041103461931	0.105088384770985
20	500	1.2	-71360946.3521771	0.017212709167056972	0.100819020318778	-71360738.8468062	0.009207586705599069	0.0948957827570156	0.009087930980077097	0.1053125408454
20	500	1.2	-71289456.8194666	0.012777893775676952	0.0947205873694598	-71289337.3562126	0.008410934413920046	0.0946881171729038	0.005966570056084031	0.104983299248951
20	500	1.2	-71331524.5740101	0.012123871994843105	0.104097575573368	-71331367.542585	0.006720234613442955	0.0950563583285527	0.007438169195538968	0.105020836911944
20	500	1.2	-71260419.0944674	0.021268436096957943	0.104102981004491	-71260220.5007488	0.009225388695677905	0.0953457226318842	0.009355619228841983	0.105044604638922
20	500	1.2	-71347450.7212991	0.0201813539217629	0.105324050913417	-71347219.849272	0.009557354503199056	0.0951473721355394	0.010065366289462085	0.105157122241448
20	500	1.2	-71371177.56398	0.015571799552641097	0.105322199254996	-71370982.536154	0.008277635516858006	0.0944343993353525	0.008911711057799088	0.105260751799644
20	500	1.2	-71345987.9547048	0.017259478472982037	0.104195518125468	-71345833.2671405	0.007165007927658951	0.0951599877368113	0.009145913493795899	0.105299378742414
20	500	1.2	-71333743.7599009	0.0164839028276611	0.0952343596353641	-71333559.4514287	0.010702547979122068	0.0944923272131526	0.007915190344320977	0.105164353190107
20	500	1.2	-71322404.4254133	0.017194255667395075	0.0957056388482934	-71322266.3352966	0.010246632446700987	0.0953502989396761	0.007028549244798898	0.104972035992129
20	100	1.2	-71197947.2280175	0.011836205314144088	0.0965542987092528	-71197947.1932556	0.01005225135700405	0.0992298254075435	0.0021671584673170763	0.114233738179675
20	100	1.2	-71287102.1546491	0.02250267428016295	0.099827938598834	-71287100.2869691	0.003542644197338962	0.0706167849314477	0.02016303625401994	0.100031191923724
20	100	1.2	-71214888.2538542	0.019542157619237943	0.104842635504907	-71214881.4904645	0.01609554356681897	0.0944300504224618	0.0068621814878409015	0.128773146077772
20	100	1.2	-71254826.090864	0.017497666106578103	0.0971225447403106	-71254825.1222729	0.012598556459841093	0.0971935787190741	0.006275204870236917	0.102724124973224
20	100	1.2	-71275226.0059478	0.012623470763737044	0.106734670744799	-71275226.1622152	0.002741719416457067	0.0979471183335952	0.010554540472194951	0.106907756929763
20	100	1.2	-71278518.4992434	0.017405215453056955	0.0906058770654941	-71278514.0094357	0.011813433853098076	0.0864422403460104	0.007417915093056893	0.101777355727158
20	100	1.2	-71261995.2926261	0.016128705342457028	0.105696565071919	-71261993.0144534	0.006174824197985096	0.0939560353543493	0.011027170448160928	0.105776932289522
20	100	1.2	-71261772.0963083	0.012675140426201104	0.102868013764578	-71261770.6772216	0.007155936681180086	0.0968374901198268	0.006602161169695919	0.108590077208861
20	100	1.2	-71223100.2359264	0.012798908704842904	0.102175249992325	-71223099.661768	0.00511748139791901	0.097924546097248	0.007423294819944082	0.102758707662104
20	100	1.2	-71246820.0628684	0.01595464633704402	0.108632425886631	-71246817.3914026	0.004743658363262959	0.0951201156547033	0.012944663891120922	0.109381453154122
20	100	1.2	-71267523.0213553	0.00828237137320409	0.0977485425351015	-71267521.912887	0.005098719794719098	0.0958624944581256	0.0048530290504840146	0.112428588744557
20	100	1.2	-71247324.593268	0.01297063820050004	0.0993105372401844	-71247324.5060393	0.005385404058659948	0.0891123300416336	0.009305821727241925	0.100223604067461
20	100	1.2	-71215820.488483	0.013779686885923015	0.0938579156038487	-71215816.9934693	0.009435196972742088	0.093889059136044	0.0051651802827969995	0.123155615238978
20	100	1.2	-71285183.1691589	0.014389969972695926	0.0949617048798333	-71285181.5699274	0.009190817755516001	0.0952451212644392	0.005645600977583043	0.107837769797454
20	100	1.2	-71342745.3541016	0.012336579060160058	0.094538224698708	-71342743.3818881	0.008967205741638895	0.0945851834799267	0.00458866802562008	0.110460791295969
20	100	1.2	-71305209.7790747	0.015093917545875968	0.0992020641428392	-71305207.6097182	0.009607514826802888	0.0993361624697967	0.006561788802538104	0.106683415562083
20	100	1.2	-71284592.8927236	0.015505409372797097	0.0960871185612066	-71284589.1823286	0.009452870892097898	0.0799859078094804	0.010729070713517919	0.105026005605246
20	100	1.2	-71273265.860678	0.011782717104298013	0.0975322301802881	-71273262.9991892	0.008669236559595062	0.0957089427044951	0.006992630829615987	0.129520293148683
20	100	1.2	-71230995.4249792	0.013831529737495907	0.102208629372612	-71230993.9728939	0.0057162836444819565	0.0891174318918474	0.010425859191295017	0.10237572570195
20	100	1.2	-71274046.2680265	0.01753430679493706	0.0962007823363069	-71274044.8780141	0.009589514586736958	0.0960700380553679	0.00901133762307993	0.101064204563667
20	1000	0.8	-71310814.8157469	0.02637293466936297	0.102949544430996	-71310578.6116631	0.008749262362396037	0.095105353614156	0.01191209139927496	0.105058613114366
20	1000	0.8	-71284857.6501716	0.024631749799859937	0.10518610108162	-71284636.2998277	0.007638375165279099	0.0952376910228965	0.013415996749504	0.105177107590714
20	1000	0.8	-71284194.4635137	0.020268267232443904	0.094908790870317	-71283878.6048818	0.009063352454114937	0.0949154322567425	0.009710856721200978	0.105065385850046
20	1000	0.8	-71312699.1606631	0.01961036395191995	0.0952347718229869	-71312406.7991347	0.009569097786059078	0.0951127725311682	0.008710544135715925	0.105012737703669
20	1000	0.8	-71321210.1760335	0.024702956994643976	0.105148765488961	-71320950.8463722	0.008854580214502916	0.0950651954698121	0.011254950970378985	0.105111101966585
20	1000	0.8	-71367290.8286658	0.020738808904003925	0.104934462945644	-71367024.9409111	0.00747456842646399	0.095078302899079	0.010362629629715014	0.105068816231841
20	1000	0.8	-71340378.5847835	0.01803326448389908	0.10481132200089	-71340115.8227364	0.00752494410716209	0.0950778534578046	0.009489208758240997	0.104845603833786
20	1000	0.8	-71326493.5106808	0.02154508156066104	0.105050951429967	-71326213.7606269	0.008763977058461991	0.0951695928792089	0.009354290520182995	0.105082688516241
20	1000	0.8	-71345828.4904886	0.024247833585858913	0.105021605508742	-71345569.2413791	0.009192766550580989	0.0952617235783381	0.011047613294457026	0.105111138606299
20	1000	0.8	-71337731.7551524	0.02830143185774503	0.105095968194324	-71337490.2487383	0.009256046273658058	0.0950830158449149	0.014415088177718971	0.105445980934245
20	1000	0.8	-71341073.2871579	0.031662169102921967	0.0956045741247675	-71340867.4371873	0.013653273203015903	0.0952064189021123	0.009552717652497988	0.105123159988632
20	1000	0.8	-71313909.4857948	0.02149117423743907	0.0956039931696242	-71313635.908226	0.008942445907380026	0.0952275182061759	0.008803690148642906	0.105089726523085
20	1000	0.8	-71382907.9465299	0.02919700313728102	0.104894906402903	-71382615.3874508	0.010936064443479943	0.0950339115026105	0.011689987795943102	0.105087642107699
20	1000	0.8	-71312682.5022773	0.021310041411058078	0.0952342158097943	-71312460.928387	0.009888700856981014	0.0950913984907289	0.00739852860349699	0.105173992822695
20	1000	0.8	-71361733.850187	0.019881893209981016	0.0955914441617706	-71361427.2493809	0.008816492264262954	0.0951077823736395	0.008600236455882038	0.105097339855803
20	1000	0.8	-71399652.0422783	0.028673291361239972	0.0952346921215006	-71399355.6550242	0.012692044995743945	0.094995949777549	0.01082578735082107	0.105099037110977
20	1000	0.8	-71320527.9539486	0.027379996179600963	0.105005518938947	-71320343.5563757	0.0068456931702830515	0.0951156634022737	0.014848783678364064	0.105163256860737
20	1000	0.8	-71277998.663944	0.024649546027738056	0.0957009080891682	-71277773.6844592	0.012237695054678976	0.0954539310605732	0.008426607260354935	0.104970171671884
20	1000	0.8	-71293319.1558409	0.028905295577415946	0.0957046645741322	-71293090.0564598	0.012270411366178902	0.0952191919780189	0.010008836518877962	0.105162702807374
20	1000	0.8	-71337601.558526	0.026314895459924048	0.104191922559223	-71337365.0860727	0.008929037537216078	0.0950694787156098	0.01157172796114192	0.105007209055352
20	100	0.8	-71305718.7195537	0.027670041308840987	0.0925903716982971	-71305712.7205684	0.018088143790485067	0.0888050449541247	0.011998191546038095	0.107484228189944
20	100	0.8	-71301461.5918627	0.030549047950122032	0.108469944491136	-71301439.0026408	0.02163999609198397	0.0701964061133608	0.023193097991600076	0.121928456525381
20	100	0.8	-71235863.9301999	0.03017529084224191	0.0922888764706964	-71235861.9053547	0.01760450727492391	0.0922610914713024	0.013128367085399995	0.100261780140232
20	100	0.8	-71294957.9899783	0.03084074295169903	0.104761741372305	-71294953.3079045	0.01920417843129607	0.095231137618346	0.014814863984342952	0.116127772672261
20	100	0.8	-71310193.1546778	0.02776861563984101	0.0955661166646686	-71310188.2814578	0.017963958600961893	0.0908721917770057	0.014310942362541046	0.115150667713244
20	100	0.8	-71282988.9643239	0.031030025061942967	0.0991993648343834	-71282977.1866448	0.022264427535799935	0.0895228009569361	0.014157297784377909	0.118034303439222
20	100	0.8	-71261947.1312056	0.023702136032039967	0.103005664816596	-71261945.2673467	0.006487017700500086	0.0705347703226187	0.019847529290862975	0.103064503954829
20	100	0.8	-71218003.2973463	0.034250601666176106	0.101636853748939	-71217996.2812349	0.017282141811061025	0.0925377492362315	0.019767208117716928	0.10691597380209
20	100	0.8	-71265496.0596173	0.02358298037232498	0.102891274812111	-71265495.605273	0.007891490371159993	0.0937595151802008	0.01610792654127602	0.107423198886908
20	100	0.8	-71294977.6035953	0.02427469471171695	0.0976748555685974	-71294977.3122702	0.023654160706061078	0.0976326461056992	0.001774317526716085	0.12563023595508
20	100	0.8	-71189373.9276699	0.028585950193155907	0.0987524787972575	-71189361.9650112	0.017459059321499937	0.0754464575072836	0.017901359232576963	0.101297830136308
20	100	0.8	-71262884.0988668	0.02687355761744492	0.10491729395316	-71262869.813624	0.01628242416691905	0.0701335861247015	0.01920250448266103	0.105176924764237
20	100	0.8	-71246110.6377745	0.027173582211420966	0.104015024988169	-71246107.1115932	0.010098025034564917	0.0752771690289903	0.020400735627662092	0.10354128788451
20	100	0.8	-71240029.6593809	0.025353661687824047	0.103919469557804	-71240027.7316641	0.009570986977021079	0.0962610054426298	0.016727759536019904	0.103924466808259
20	100	0.8	-71255868.371369	0.033702153036100024	0.102125165446406	-71255860.422914	0.020364970766335033	0.0977553481892066	0.016432033621982978	0.117248307830817
20	100	0.8	-71298792.3249025	0.027993832493437898	0.0910108712762221	-71298792.0615198	0.022374995514043095	0.0911650170097925	0.007969969425862033	0.103712160909476
20	100	0.8	-71317574.3399988	0.023489538814139066	0.105717319948194	-71317571.8226297	0.00945641518871998	0.0898697863063691	0.017651948477898083	0.118482107376493
20	100	0.8	-71213950.0765917	0.030121989189198062	0.102022640235674	-71213944.6623524	0.022496722566782035	0.0947339206771893	0.013251048324080084	0.119899235534155
20	100	0.8	-71242205.037679	0.02423706090197808	0.107426091815702	-71242199.7729259	0.01394125351340203	0.0997199094493307	0.013315846891360006	0.115407510022819
20	100	0.8	-71261050.9430579	0.022862737204016992	0.0885257832284214	-71261043.0146043	0.013888841296522014	0.0700452070269137	0.018373327345802104	0.118278967153543
20	200	2	-71193265.2677469	0.007902162079957087	0.103878734081732	-71193238.7281958	0.004639772816738996	0.0942593265150119	0.0042495002729970865	0.105136548153747
20	200	2	-71289599.3224831	0.006031193577440974	0.101983312701392	-71289581.9945754	0.003287987289818939	0.0945780404048188	0.0034295235326180507	0.10564456679766
20	200	2	-71321085.9461631	0.008034492753843936	0.0994914016139808	-71321080.7083544	0.006877095687644941	0.0994495283537357	0.002224894039860925	0.112328653082016
20	200	2	-71283242.879585	0.009150511530819916	0.102962801058643	-71283207.7263622	0.005812361717283943	0.0955800076906683	0.005440957971222904	0.105092985071127
20	200	2	-71300496.7481986	0.007988741466520954	0.0980146515306419	-71300470.2477801	0.006101211673940954	0.0946530289357218	0.004172307075176018	0.104740639869748
20	200	2	-71307375.708244	0.008539053227919036	0.101059425308826	-71307352.2563007	0.0043408552458359395	0.0940476428255057	0.005540828160260913	0.101065351773884
20	200	2	-71292290.7109576	0.007649216349719046	0.103910600188797	-71292268.2524223	0.004241302972054939	0.0938232824551484	0.005302002960624108	0.104094332899939
20	200	2	-71313173.7404819	0.008651068729780054	0.0955055767262241	-71313143.449174	0.005643166544944012	0.0951114512879441	0.005231544435201907	0.103096656876841
20	200	2	-71313420.1277868	0.008726860920841073	0.0983331211706167	-71313379.0968962	0.006943041736100053	0.0947036322534551	0.005036559638162963	0.108216419497393
20	200	2	-71269096.6796062	0.007620433666342907	0.10101798777309	-71269083.1260983	0.005665776929862032	0.0997775976992217	0.003254710143517081	0.108263311199392
20	200	2	-71288002.9325451	0.007512373997704103	0.0993289459123783	-71287987.2442176	0.005839706861899052	0.0948437120318197	0.004017054611164084	0.105038464140222
20	200	2	-71266654.4627659	0.010195993511758927	0.104181775108379	-71266613.8442387	0.005385414604942018	0.0957637062891614	0.006450873579236016	0.105223645098587
20	200	2	-71292564.2164064	0.013259205417882058	0.104162984548822	-71292506.2502244	0.006788727081055046	0.0951895163089497	0.00759472403902095	0.104792131601335
20	200	2	-71292743.8650441	0.006227209708538961	0.102819961067978	-71292723.4623535	0.004358020112241068	0.0914126098775263	0.004198397049176905	0.104597074020411
20	200	2	-71293034.7775933	0.009859921129801053	0.102726584644353	-71293003.383763	0.00487170233917511	0.0987892328893162	0.0060696420249389815	0.105532910375327
20	200	2	-71243287.7034456	0.010007238921878936	0.104975581711367	-71243244.3222733	0.005700719585117975	0.0947052881297518	0.0068641377818199345	0.106034915052224
20	200	2	-71313571.9330404	0.007078114718600981	0.0987093814900011	-71313542.5138259	0.004610559654597002	0.0931042636644328	0.004851616404483949	0.10325922564764
20	200	2	-71311624.0960549	0.007672127994296951	0.101658974105829	-71311596.9939199	0.0046396249886619945	0.0950524792713828	0.005038926421500944	0.107086898039771
20	200	2	-71340522.6393175	0.012568739522763939	0.10165952405243	-71340477.1947432	0.0058567084691829585	0.09712391739177	0.007225930973217998	0.105067245464412
20	200	2	-71168211.6396641	0.007469477811119951	0.0983981192955811	-71168190.8718539	0.00442809234602104	0.0972257936092415	0.00467727605593693	0.105849000925523
20	200	1.2	-71237988.6287872	0.01259934390366202	0.0990325785778776	-71237979.2814173	0.007731493533014944	0.0984526993323313	0.0062781625551170395	0.105139517760995
20	200	1.2	-71326039.525529	0.012880252859479024	0.10442127495659	-71326023.4666955	0.006335071325936914	0.0900284597481895	0.00923045737987993	0.10459941466679
20	200	1.2	-71328482.8069949	0.015777646276098012	0.0953357909060881	-71328452.4751483	0.011084108449035956	0.0952618981941675	0.008307039305421093	0.104662404033069
20	200	1.2	-71277496.2754399	0.01305782694827895	0.0956672966200171	-71277481.7581742	0.00888494654201899	0.0954822257661925	0.006685511672661959	0.104631054532668
20	200	1.2	-71290372.5860269	0.017329780924399962	0.105214458637919	-71290344.5440231	0.007763852117736003	0.0941961354059069	0.011831723170043107	0.105197204890827
20	200	1.2	-71270122.8015184	0.012918320978602016	0.10366645342353	-71270109.9457807	0.005487340654722006	0.0934978468212583	0.0100586652730561	0.104664320553603
20	200	1.2	-71274724.5240842	0.015200993216876957	0.0951086709266077	-71274707.5066743	0.011162411512822934	0.0950901159347199	0.005974894716661017	0.104784664150902
20	200	1.2	-71303551.1662672	0.014670079115922108	0.102817716646354	-71303545.918199	0.0027791289720749957	0.0884249072459257	0.014153456666901043	0.102999287386139
20	200	1.2	-71284509.0755852	0.01324532827977809	0.10366812123327	-71284499.8823915	0.00563829568545593	0.0953793226277382	0.009186439101657062	0.103474994096855
20	200	1.2	-71308509.620294	0.013455701342620974	0.095158703494751	-71308487.8174824	0.008997450026043907	0.0951774106394	0.008076122051998036	0.113641988795203
20	200	1.2	-71283810.2104301	0.00964118615534093	0.105197338824907	-71283807.5665776	0.002323702020015972	0.095161829327633	0.007870526550720958	0.105263718777706
20	200	1.2	-71231108.0948628	0.016289265690219046	0.104229854433544	-71231087.570585	0.009643334419323968	0.0958392650519047	0.00970751757530508	0.113679116712265
20	200	1.2	-71304244.8575575	0.015198426133474996	0.101046860184447	-71304233.9921179	0.006565395368697047	0.0947677373697546	0.010475648266056958	0.101224341638461
20	200	1.2	-71274948.3809263	0.013437367158064095	0.0967889459962132	-71274926.7308223	0.010539694487305074	0.0968621897196193	0.005672462162764069	0.114657943033055
20	200	1.2	-71272230.5927005	0.012992003324497903	0.0953460995025901	-71272207.3248515	0.008251757624524014	0.0951531015600941	0.0071092458048789275	0.107026660388068
20	200	1.2	-71304594.8198472	0.013707245389324108	0.104129618221581	-71304576.005483	0.006855684257982997	0.0937693556139288	0.008380584564584015	0.104994241626832
20	200	1.2	-71314046.6831251	0.015320999564663929	0.103141406407759	-71314035.4495425	0.0062848552353999	0.0939281601117627	0.010789047965316101	0.1045002208148
20	200	1.2	-71220563.4779257	0.013162999876739967	0.104905751575944	-71220562.3103497	0.0012147251765420863	0.0917422448195685	0.012745196903943046	0.104927352846336
20	200	1.2	-71320493.5390228	0.013070864328760035	0.0970903712955372	-71320483.4063578	0.00873400181481998	0.0947429649437874	0.006146274600100088	0.105086470258324
20	200	1.2	-71331536.1743459	0.01296640654452097	0.098119625981557	-71331524.8875017	0.008168318029561972	0.0942976788518937	0.00649312973032401	0.101826767935594
20	1000	0.5	-71326967.5334639	0.029437079502725005	0.10506500139672	-71326792.5054565	0.01114599368030289	0.0952511773410295	0.014377562278441891	0.105115942223761
20	1000	0.5	-71291672.3773616	0.03346520170948197	0.095700718890876	-71291537.9257047	0.014986915968956072	0.0952467327822654	0.011406362259115066	0.104972611257747
20	1000	0.5	-71383548.7570564	0.02704738192285505	0.105047354839886	-71383376.1751898	0.010817276179076907	0.0951066787242418	0.012914093375779978	0.105091313412534
20	1000	0.5	-71331716.1108323	0.028463455883065092	0.105159543585745	-71331526.2103015	0.011482086829003979	0.0951113939692571	0.013234560507199955	0.105216160395052
20	1000	0.5	-71357008.2106282	0.03463542347344306	0.10503406432941	-71356826.4086761	0.013880268146822083	0.0952602507858183	0.014503664699756058	0.105097629139347
20	1000	0.5	-71343555.8560875	0.028565743998536064	0.105317048828017	-71343374.123603	0.011543255035063926	0.0952557073820604	0.013978959031604066	0.105195978724299
20	1000	0.5	-71329678.9482398	0.030366323344663937	0.0957051386883649	-71329496.023832	0.013177320939280923	0.0951092944318465	0.013245478217917994	0.105130217181704
20	1000	0.5	-71314348.3800628	0.022922543584339095	0.0952319654279526	-71314174.4519919	0.011702486030884085	0.0951067797767565	0.010097804193016091	0.105125443031225
20	1000	0.5	-71280371.1440856	0.03000568927764491	0.0950460423890796	-71280161.3820897	0.01408909224705801	0.0950013830126259	0.012433821643316079	0.105577483255197
20	1000	0.5	-71294411.8915351	0.029477022718459978	0.10412312114618	-71294326.6784962	0.008510607264381909	0.0951257877757159	0.016794373058035994	0.104286880968802
20	1000	0.5	-71331970.8779306	0.028664821112223016	0.0950374324880035	-71331753.0146216	0.013599230057415923	0.0947584466554076	0.013572598137840064	0.105259722780362
20	1000	0.5	-71310925.0790576	0.029568367802722095	0.0954173110435601	-71310766.4223781	0.014531934141656988	0.0950736975703167	0.011122901918622086	0.10507032049375
20	1000	0.5	-71322790.4156139	0.028319958118764088	0.0950441054594608	-71322601.8791119	0.01355599926884199	0.0949763497681827	0.012089003113004093	0.10510007399183
20	1000	0.5	-71342294.6644239	0.02520742335536108	0.0952351560806109	-71342100.7565863	0.012584615914275954	0.0950746626848431	0.01131288483307491	0.105099440019578
20	1000	0.5	-71253005.9769795	0.021258498244202007	0.104803202083948	-71252796.6550629	0.010829134539259933	0.0950010755494944	0.012351380769564102	0.105092938546923
20	1000	0.5	-71326989.5806974	0.023351868061903036	0.105093750081297	-71326780.0192522	0.010821750027800947	0.0951053049061627	0.012154158265340054	0.105187413591816
20	1000	0.5	-71350338.7874064	0.028944194384719957	0.0952291314829389	-71350173.0483321	0.013855626856422054	0.0951049413776893	0.011374524826863075	0.105098089711294
20	1000	0.5	-71298846.1172663	0.0315171096201351	0.0957055203853855	-71298667.4111906	0.012175848563800051	0.0950696720729664	0.012185943830418045	0.105261262005009
20	1000	0.5	-71355441.8431169	0.032389410462762	0.10408441589669	-71355255.7793327	0.013502649388124066	0.0951834203538344	0.013994694300423105	0.105094872640007
20	1000	0.5	-71364542.2639077	0.021806778563143947	0.095599993237369	-71364377.1330596	0.012125953804783096	0.0950801442728821	0.00946960214736503	0.105094430502248
20	100	0.5	-71184246.8341053	0.04584805105441503	0.0953965947747185	-71184232.9272915	0.03204059485279709	0.0700181234260174	0.03481374017333905	0.129537363151106
20	100	0.5	-71216793.2111129	0.049876218225903934	0.090952052238423	-71216783.1780127	0.03261679001596407	0.0710048550668537	0.03112684315557601	0.122304399596702
20	100	0.5	-71250742.4460181	0.04221484345030291	0.104507593085647	-71250731.8550034	0.026312497763616993	0.074120315846492	0.027878230119203984	0.11058533201381
20	100	0.5	-71277188.6357055	0.0529458503374749	0.0706489121368849	-71277165.0818903	0.048987507343735914	0.0706287146992357	0.029315832402143083	0.129944396671605
20	100	0.5	-71269522.6387275	0.0467886118917229	0.0767518551290528	-71269507.5889528	0.03775854908412102	0.0706044613753907	0.02375206844978106	0.129913339078852
20	100	0.5	-71291295.1844033	0.05911379166170405	0.104362882127046	-71291292.2575714	0.02961781881647796	0.0943855393818035	0.02843476935521594	0.104445227283601
20	100	0.5	-71283406.5881473	0.04763891945300203	0.122295458733699	-71283400.224212	0.015081642774841919	0.0716290542679122	0.03962400755202289	0.122351212429101
20	100	0.5	-71274591.9707772	0.059861859345236024	0.101318670110126	-71274583.9464776	0.027276722350059956	0.0814237544241798	0.037532605730302926	0.101245703101511
20	100	0.5	-71231357.2032682	0.051453204254296	0.0969827014743596	-71231355.9105198	0.039962283019824074	0.0940407383745942	0.01514259419746311	0.11383570079281
20	100	0.5	-71284985.9524021	0.04691264785693894	0.0807003039344231	-71284968.6914707	0.04004483233110101	0.0701259302443945	0.02783915674868498	0.129617845706464
20	100	0.5	-71309822.8734943	0.056876823454604986	0.117065292715388	-71309797.2612237	0.037678604543161076	0.0705434166608083	0.041206865044499996	0.128619957601166
20	100	0.5	-71272929.1675108	0.049069986275605104	0.101542862904208	-71272915.449573	0.03564851610815589	0.0712503788932782	0.030089646733463926	0.127011694097082
20	100	0.5	-71220452.3813561	0.05825905004225507	0.106766761133138	-71220452.4025791	0.014572113437063994	0.0983561658521953	0.041844332693837916	0.107241607980733
20	100	0.5	-71244902.0392664	0.0501950935027029	0.0956800831751684	-71244896.0744261	0.04126304030926509	0.09552441330992	0.01855778465622393	0.129859663057104
20	100	0.5	-71259518.408508	0.045648034092223067	0.102958231115731	-71259516.4854207	0.012497708901961002	0.0745059546911528	0.034168071908921904	0.103008349762916
20	100	0.5	-71333166.577278	0.056927646711997903	0.0942956569596202	-71333165.5605142	0.05083761820027699	0.0920131583142959	0.0071157602209200865	0.120120051360736
20	100	0.5	-71219295.1941666	0.05126313535453708	0.0743779272227394	-71219285.2527993	0.03488650936462401	0.0739912973325168	0.030205198090302088	0.102681769058537
20	100	0.5	-71316435.2994181	0.058272374740738986	0.0945951121857157	-71316422.9316449	0.0340037310739959	0.0703393166015667	0.03846793762083789	0.116067971646564
20	100	0.5	-71263330.2756755	0.045555828803602094	0.0881098944453612	-71263322.6093389	0.021799225776524933	0.0700001895890901	0.0298562937570771	0.104658729220442
20	100	0.5	-71351167.2088602	0.0502965486608451	0.0861364603755537	-71351160.4191276	0.034182588011998916	0.0838801342622147	0.020342572097096112	0.109447523020584
20	200	0.5	-71265253.6149282	0.03619218411409708	0.104521394929347	-71265247.0669808	0.012987929259482	0.0946884778330505	0.024204283108181013	0.104373367707287
20	200	0.5	-71350563.9653154	0.040653120366717976	0.095234498271966	-71350552.3534483	0.032916590845500915	0.0951892965520362	0.009633872828296974	0.129991111400372
20	200	0.5	-71233453.5943449	0.03706642999733589	0.106669039182166	-71233439.2499495	0.014657259148738944	0.0879017691207654	0.02613179936511989	0.106814064468195
20	200	0.5	-71281823.5550178	0.04030109792869707	0.0957607724447678	-71281812.7822093	0.011340679259083108	0.070005248103648	0.034607848626219906	0.103242386131784
20	200	0.5	-71284972.87509	0.03515484586368389	0.0958381803545461	-71284971.4777691	0.014060531278555999	0.0956816988817227	0.021891420430199093	0.105118293475725
20	200	0.5	-71283652.6602665	0.03914963638483904	0.0943729920890008	-71283638.9627691	0.02385149360294192	0.0701643159656398	0.021234357443516982	0.112787347329337
20	200	0.5	-71337079.981057	0.04079589801280292	0.101704955626172	-71337076.0085061	0.021951133971059078	0.0961353145404319	0.018680469756962914	0.104570836099013
20	200	0.5	-71247854.944189	0.04003439505191597	0.0991570051094999	-71247841.3949388	0.028539193147024022	0.0956034227883743	0.015373214476720909	0.108922369096187
20	200	0.5	-71396787.5138799	0.042188121642042	0.10494852523765	-71396767.7507411	0.01829686187761692	0.0828513319645565	0.02807865901216189	0.104940983192123
20	200	0.5	-71301667.423678	0.03931099685942396	0.105144305819973	-71301652.8884364	0.02156703128403492	0.0942971445063693	0.021338836142399953	0.106176455608544
20	200	0.5	-71286487.5299785	0.03358039044815708	0.11972909925196	-71286461.1832271	0.01892029897953995	0.0926430138031181	0.022670717872720014	0.126114049084897
20	200	0.5	-71315866.2421204	0.04301321637889899	0.0957602195752065	-71315854.7250371	0.03272886294745592	0.095635696126268	0.012582541105564005	0.118257948544666
20	200	0.5	-71273818.6625549	0.040647714136916036	0.104850997050991	-71273805.813924	0.02233470465158305	0.094866355472386	0.02187853893566205	0.109540991812475
20	200	0.5	-71264791.7462443	0.03302967353136299	0.0941318936577818	-71264785.1640626	0.027189581636378968	0.0928725917230426	0.009441597698102044	0.123078186984308
20	200	0.5	-71338373.9927124	0.04547887476704393	0.0984955013156663	-71338370.3517821	0.03736818505776107	0.0984996830001912	0.009846055876701065	0.108833447088824
20	200	0.5	-71257360.0852882	0.03979417600480306	0.0936309068917267	-71257349.322078	0.027668790063104076	0.0924646052794446	0.015388627144505063	0.109241570402999
20	200	0.5	-71309414.7816677	0.04106772023700089	0.104217795669756	-71309401.4189529	0.011885399455660028	0.0803359528029988	0.032394383718403086	0.104225955906555
20	200	0.5	-71312713.7164257	0.03962153972333504	0.100842832674751	-71312705.041501	0.010806190894020906	0.0701355881037939	0.033174910735043084	0.100815463835529
20	200	0.5	-71292738.408816	0.03848512074477606	0.109232794060453	-71292720.6856996	0.017563344280803972	0.0952415575681373	0.026229212048602957	0.109263684271402
20	200	0.5	-71272727.0041566	0.04234624541206289	0.104809540994018	-71272722.1739135	0.00687988808462503	0.0700483604967819	0.03955440096708096	0.104938747659959
20	500	0.5	-71387050.0284421	0.031306376398315905	0.0952342734964111	-71386958.2218776	0.015944233853920964	0.0950728816201818	0.016545470517777106	0.105274945995177
20	500	0.5	-71364425.5315237	0.026010270572841998	0.104544783928398	-71364370.4561196	0.012115704890338974	0.0956246748659832	0.015742063116257032	0.104682355369809
20	500	0.5	-71293590.5296912	0.030108764839457014	0.0958383706190684	-71293543.294698	0.018864769931283942	0.095621462418748	0.011586200439458016	0.105037422667989
20	500	0.5	-71321531.208434	0.03361798534716298	0.104998183365483	-71321466.7751896	0.014593822330457917	0.0951194206218224	0.02023162246673693	0.105101506091616
20	500	0.5	-71323471.6229217	0.028993946049063912	0.105069183490599	-71323394.0230493	0.014563185493043918	0.0952525841084356	0.015553341421941091	0.105101979800265
20	500	0.5	-71324568.0717901	0.029250094035704	0.105057631986458	-71324487.5815966	0.014496805477138941	0.0950924519487367	0.015959307310496107	0.105087492433404
20	500	0.5	-71305240.6792913	0.038651662529617936	0.10421238261555	-71305153.9584422	0.016594157360784956	0.0950716683779612	0.020408314850320908	0.104884594832239
20	500	0.5	-71343584.6894548	0.03024419518856203	0.0958279557985586	-71343502.7789481	0.015182417046163077	0.0949976973211735	0.016723156786601967	0.104844704819558
20	500	0.5	-71332490.0200637	0.03024540050540292	0.105072426963521	-71332445.1005004	0.009715656728119915	0.0950093930999037	0.021389840639804092	0.105121701535412
20	500	0.5	-71315859.6893333	0.030096689639662944	0.095836052753825	-71315806.407072	0.017417139833360018	0.0951302022482678	0.013001219560462074	0.105300850077062
20	500	0.5	-71323592.4135918	0.02996988054009897	0.10530028944181	-71323513.9185086	0.014504603951634887	0.0950074833506389	0.0172346022804839	0.105598725792691
20	500	0.5	-71334815.2626823	0.03247535544057989	0.105263053757781	-71334746.730207	0.014559956467515067	0.0947567545753318	0.017788906004376992	0.105220937126446
20	500	0.5	-71355165.0376477	0.027629759191595937	0.105065053075057	-71355090.2730073	0.01379782941531793	0.0950084778018531	0.01546897604218389	0.105066507461452
20	500	0.5	-71213009.4305975	0.025970073820495987	0.0950517828608662	-71212974.2439269	0.01831372583389901	0.0950116524019244	0.008967825436076104	0.105268177827554
20	500	0.5	-71238372.2311308	0.02743178890436404	0.104817194358191	-71238315.2080238	0.011472244932641984	0.0951377072045426	0.017324192094119062	0.104832979370113
20	500	0.5	-71354308.5960105	0.0274963214754379	0.105163530994658	-71354228.0742105	0.013239157437883065	0.0951050349514861	0.015835378719938897	0.105128264340196
20	500	0.5	-71288566.1504197	0.02779773458187995	0.0955186752390909	-71288528.5491924	0.018349323386935068	0.0951969294778276	0.010059678671381023	0.104787892075233
20	500	0.5	-71290422.2618809	0.03546228705677701	0.10536573724663	-71290352.6238274	0.013462587804903947	0.095121546139461	0.022145801822777922	0.105390813428131
20	500	0.5	-71322779.0020664	0.03353720705946206	0.095033426336684	-71322692.4882353	0.019245586153456062	0.094954748419754	0.016100495536484072	0.104697500194062
20	500	0.5	-71318978.5086677	0.03258654475539802	0.104116996171063	-71318896.9859861	0.016526828661535098	0.0951288440308798	0.016602496087119056	0.104832850575187
