count	m	miss_m_f	lnl0	sel0	loc0	lnl1	sel1_0	loc1_0	sel1_1	loc1_1
20	0.4	2	-71362974.6163152	1.3524907639395067e-06	0.122638258203563	-71362974.8134349	4.537999005016502e-06	0.0866247653107095	2.0277892220921245e-06	0.129988989956591
20	0.4	2	-71355134.3090602	7.993464360422919e-07	0.0791412036943554	-71355134.4382809	1.762702422025697e-06	0.0868395669816347	2.0506271160014578e-06	0.119074858646275
20	0.4	2	-71373211.8129256	2.8809406399377124e-06	0.0711324865405187	-71373211.9215034	1.0165981163989812e-05	0.0951873790706301	1.3272964759503125e-06	0.11111899679403
20	0.4	2	-71401665.0488367	2.8809406399377124e-06	0.0884529946162075	-71401665.1982723	1.5160378620260317e-06	0.0851617376537557	4.585815177038377e-06	0.111471901562791
20	0.4	2	-71343827.4247763	8.193979994519651e-08	0.129446354025524	-71343827.5480337	3.969498735933996e-06	0.0993093675772238	4.482949009787518e-07	0.109122157392083
20	0.4	2	-71437026.045048	4.6677194887045914e-08	0.0704582787782225	-71437026.3300023	7.637667238991064e-06	0.0941369045085563	1.8495293159226378e-06	0.100853555058513
20	0.4	2	-71417491.9595932	1.0915489569995884e-06	0.112886751345948	-71417492.1259688	5.445683136984236e-06	0.0996150614263418	1.5133996149607754e-06	0.104741309651628
20	0.4	2	-71357838.1817159	1.5030362310319845e-07	0.100543046953093	-71357838.4586677	2.8298695580186717e-06	0.0714882758056056	4.200116455965741e-06	0.100928002155301
20	0.4	2	-71393231.2672653	8.197572439749834e-07	0.12891942097499	-71393231.2892544	1.8676728197331016e-07	0.0868000355478271	1.0696021790490562e-06	0.129288942904196
20	0.4	2	-71427831.690598	1.5149660420599176e-06	0.127097305853886	-71427831.7567594	1.9716375798672914e-07	0.0748281879599917	4.362316018968748e-06	0.102382072134678
20	0.4	2	-71392284.5690488	4.083777855989901e-06	0.104500449213856	-71392284.5084151	1.1910210007126665e-07	0.0848608467998021	1.7823901619085092e-06	0.104217865778202
20	0.4	2	-71435161.3722471	4.048412430845971e-07	0.0712698447815875	-71435161.4384202	7.345586440221652e-07	0.0717254309822242	1.4684041400592207e-06	0.100464738913483
20	0.4	2	-71365439.6079063	1.0581184020086454e-06	0.0999647026872654	-71365439.8281748	7.060783323908915e-06	0.0940315271602544	1.4974398651057541e-06	0.105071151468663
20	0.4	2	-71423301.5670863	1.8348726420480688e-06	0.0921696813614835	-71423301.6820561	2.40637802906285e-07	0.0902074252199706	7.387567278027696e-06	0.102407039500046
20	0.4	2	-71442053.2894039	3.3722557190030145e-06	0.102045051048662	-71442053.3692472	3.2703980169523916e-06	0.0982562368142069	2.3815758850576074e-06	0.107798913867352
20	0.4	2	-71410609.6173047	1.46149770408055e-06	0.128347541971216	-71410609.9024688	1.205127100190051e-05	0.096357336012966	1.366456918061587e-06	0.115230765171149
20	0.4	2	-71417313.1568895	3.761677790370399e-07	0.105207259421637	-71417313.6116534	1.5528647359097647e-06	0.0982902415702454	1.1110439618988721e-05	0.114373194628971
20	0.4	2	-71377874.0957438	3.2518582004925634e-07	0.116566651974134	-71377874.2307707	1.5600437189844385e-06	0.0943679543083523	2.3642832209791464e-06	0.124886364202621
20	0.4	2	-71459886.0504881	1.482437629318767e-07	0.12951183147142	-71459886.1959182	9.532487998953343e-07	0.0996571007903452	4.881188622962718e-06	0.100401734454279
20	0.4	2	-71421985.6604494	3.023095400678244e-07	0.0808222248460872	-71421985.9864266	4.279780979943304e-06	0.0973711153625454	8.904630319106488e-06	0.100315434519348
20	0.1	0.8	-71278593.7506533	0.017547893308721974	0.101659344780553	-71278457.6961309	0.010422472675681083	0.0947211957063963	0.010440838244759942	0.105461756540367
20	0.1	0.8	-71201825.601907	0.02136345993183908	0.105320461788364	-71201738.8351291	0.008299030761642956	0.0951962430648313	0.01485893680567596	0.105255689783555
20	0.1	0.8	-71301123.6818232	0.017431232253104056	0.0958472554407073	-71301002.2849586	0.01098339846709806	0.0949103019520654	0.00979595292245905	0.105164183403273
20	0.1	0.8	-71217620.8039783	0.016806052131002946	0.104182158881263	-71217543.9705674	0.008933967491575046	0.0956904115698533	0.0105668475393349	0.104697084871552
20	0.1	0.8	-71239626.6924568	0.017116121959258046	0.0957615888520643	-71239550.9557029	0.011725321730643112	0.0955154618540967	0.008279912039361959	0.104791898372848
20	0.1	0.8	-71282335.3465012	0.017957736633297028	0.0947085059289319	-71282223.4138789	0.01225225443647704	0.0945332311324987	0.009860179848597106	0.105291089940241
20	0.1	0.8	-71267498.789818	0.019275784908184046	0.0981039821134253	-71267336.8235215	0.011608689572041087	0.09488367381587	0.012177820449239984	0.105545904251451
20	0.1	0.8	-71267944.6267129	0.014340447460284067	0.104812272508554	-71267838.6576795	0.009385643882277916	0.0938177867982029	0.009273983644142891	0.104694177727502
20	0.1	0.8	-71274760.1867744	0.019576303442344956	0.0957049632430136	-71274609.2308077	0.012218709159384944	0.0948850815075797	0.011059469888680895	0.105189544872856
20	0.1	0.8	-71256170.0397956	0.022698507094935927	0.10087654064686	-71255990.3081396	0.011662518453023907	0.0951249084123578	0.013202746854197978	0.105051261393677
20	0.1	0.8	-71260040.6162265	0.01688498232420299	0.105352829848652	-71259933.8604484	0.00905557371114396	0.0951239091614458	0.01121869632110295	0.105608250018031
20	0.1	0.8	-71257758.916937	0.01618645320051504	0.0956998839807648	-71257632.5787538	0.010359119804522976	0.0945072109969982	0.010155012220685045	0.105091026317658
20	0.1	0.8	-71249842.2870817	0.022512918602684007	0.10419447512468	-71249750.7018248	0.00996810696940209	0.0950049717597671	0.013705723417382076	0.10507128985423
20	0.1	0.8	-71239816.7715466	0.018352750577334986	0.101411883760197	-71239702.03588	0.010982832813077104	0.0955915154044326	0.010255340211077102	0.105249576137293
20	0.1	0.8	-71279936.4458928	0.026783857661698995	0.104197418099959	-71279801.3203298	0.010596523853296902	0.0953001829795149	0.015184365624576035	0.105062619532417
20	0.1	0.8	-71297993.7058006	0.017900729137003024	0.10419525032725	-71297883.9469416	0.009307996862677026	0.0952195167204379	0.011336529479760049	0.105019621780958
20	0.1	0.8	-71241150.789404	0.019859014591696034	0.100869441769249	-71241013.6419373	0.011820805053483041	0.0952030592172415	0.010795308316523089	0.105098194106877
20	0.1	0.8	-71266411.2912215	0.01751962123307904	0.105049335026794	-71266277.5982922	0.010194663954898098	0.0950552022698952	0.010706149238641993	0.105025395841153
20	0.1	0.8	-71204973.5214642	0.01889534723074493	0.104214525482665	-71204824.9407722	0.010508777215122	0.0951058294356648	0.010868890827899103	0.10526231134319
20	0.1	0.8	-71283051.4925525	0.017372166515441045	0.101660662213399	-71282959.1390355	0.010011706647462093	0.0951959208290336	0.010176341399423916	0.105038150106388
20	0.2	2	-71292090.5152521	0.005546614824236906	0.095143451884165	-71292084.5625612	0.0036469296386550942	0.0951289574642056	0.002206228213202044	0.104411468768649
20	0.2	2	-71290182.2517073	0.0033178448832369423	0.104450966641894	-71290173.9522246	0.002460560116534949	0.0950703889578575	0.0018717032070980633	0.104691858426433
20	0.2	2	-71280670.2456102	0.005541626542499012	0.0965246734552112	-71280668.7741308	0.0044602933234020314	0.0965684642597579	0.0011507938333609191	0.102732957398385
20	0.2	2	-71336172.4495888	0.005081630602500109	0.104691819368366	-71336156.576981	0.0031499004159640798	0.0955031844467341	0.0035070792368420145	0.104766654749891
20	0.2	2	-71278992.867487	0.005396425164715057	0.0951380288004504	-71278989.8606094	0.005165832687597072	0.0951322432489536	0.0006595170963760166	0.104386780302617
20	0.2	2	-71298486.6364215	0.004545942004359094	0.0951207824525323	-71298486.0718997	0.004371774263481898	0.0951830576138776	0.0005679686493210712	0.105958423514057
20	0.2	2	-71354697.3610248	0.0058364937386220506	0.0953592115718598	-71354692.9870618	0.004088811907259959	0.0951262227403464	0.0023356987624358894	0.100595320412932
20	0.2	2	-71280549.0290712	0.006674559906601041	0.0981663861497707	-71280544.1529124	0.005293422097042977	0.0962817293155921	0.002080562870419911	0.104702041866838
20	0.2	2	-71354095.4196941	0.004393271966136036	0.0951677521501792	-71354092.5092794	0.003674545008061081	0.095150695339027	0.0013152474913599166	0.104968774760374
20	0.2	2	-71314187.5604561	0.0027028301230949126	0.0968405227884659	-71314185.7902036	0.0021604741682810236	0.0954976022158539	0.0008192455844369118	0.104789501940787
20	0.2	2	-71308076.5114021	0.003011016670662947	0.0954381059520212	-71308072.3405605	0.0020998518593841053	0.0953651426407348	0.0011598084285769916	0.104940464301832
20	0.2	2	-71288090.4590702	0.004064768568000976	0.105102539123124	-71288089.5312203	0.00046842557164394893	0.0950822333683483	0.003997407900075967	0.105086643867572
20	0.2	2	-71319116.4848877	0.005876970222222111	0.0979019627057067	-71319113.8241478	0.004961422389797909	0.097961916348181	0.001399773914356972	0.105061630239442
20	0.2	2	-71279866.9396879	0.003944112130484068	0.0950259022619465	-71279861.2594078	0.002902359113818087	0.0949440208750467	0.0018306690040240658	0.101993134527471
20	0.2	2	-71307701.5440873	0.004713926859741924	0.0950685599696683	-71307697.1113673	0.0044039560912169096	0.0951841745830458	0.0011243583133591084	0.104513590452185
20	0.2	2	-71314531.7857713	0.004238886372180062	0.104383251184177	-71314528.467259	0.00097164415383999	0.0951199592228033	0.003501409330837979	0.105013371958683
20	0.2	2	-71300027.7358255	0.0020739993313220184	0.104599289402324	-71300027.9230643	0.00027938101472102517	0.0990866062657774	0.001961949208019953	0.104600611656996
20	0.2	2	-71247476.945118	0.002334885415476995	0.0953893150518756	-71247475.0804329	0.0007701098385580751	0.0965282804145098	0.002245264368435973	0.104696979917418
20	0.2	2	-71258845.3279364	0.004115165557864953	0.0986105028469873	-71258841.1714303	0.0027844796257380233	0.0950976323441508	0.0017651886604549416	0.104912524175658
20	0.2	2	-71296363.3065306	0.003716348181855067	0.0967383433230397	-71296362.8849483	0.0033921606446840613	0.0966394612700263	0.0004493441052999536	0.101440935481177
20	0.05	2	-71182309.2678476	0.008491606521458972	0.101093812122366	-71182301.3691161	0.004812914577944971	0.0951655321653686	0.004782169563360972	0.102814210312588
20	0.05	2	-71205838.3822752	0.011989081363497078	0.105024510008387	-71205784.5203416	0.006258470348736944	0.0948772326416516	0.008645793719614936	0.105020829904874
20	0.05	2	-71282240.321395	0.009931667468123906	0.104768325955394	-71282221.6046926	0.003930917975959014	0.0952098808059827	0.00800364475474391	0.104712814061635
20	0.05	2	-71200317.6155845	0.009023903220844898	0.0951931465936934	-71200311.3634001	0.007524322377798098	0.0951149553425898	0.003009519186744969	0.105080844753907
20	0.05	2	-71160102.3547475	0.006539547989783956	0.0944159735503011	-71160085.8564434	0.005116259114837929	0.0942427247755149	0.0037037040110209363	0.104721157205074
20	0.05	2	-71191869.6969222	0.007651420371979967	0.099118184590097	-71191855.5870086	0.003899529126344059	0.0950088749177598	0.005472412720315956	0.103994820483547
20	0.05	2	-71261807.1061655	0.007109235737135955	0.0952102151134765	-71261803.6469203	0.005811409794499012	0.094954995689719	0.0021194350729419886	0.100184184720415
20	0.05	2	-71186722.161374	0.010293478463123007	0.0952410587048165	-71186697.6022224	0.008186885166242108	0.0951367924700629	0.004566531022901943	0.105583266739328
20	0.05	2	-71256845.9705772	0.007796705684399052	0.0953252292348215	-71256839.512133	0.006279512949258104	0.095106087655921	0.0028577154278400796	0.104520395912991
20	0.05	2	-71183422.8784274	0.011157502376179074	0.095053815497254	-71183378.3712633	0.007919920273215086	0.0947884081023339	0.005868305920657901	0.10501977095553
20	0.05	2	-71197216.7990653	0.008280179213579042	0.0965808661965718	-71197205.6850661	0.006467130532619048	0.0957346758738303	0.003415492360598904	0.103523239528939
20	0.05	2	-71228544.0342343	0.0059739852459169684	0.100405364730954	-71228542.7921639	0.0009011534249631081	0.0954855732113832	0.005958956371137081	0.10026212362812
20	0.05	2	-71263274.9184399	0.007879797889802975	0.104685201126007	-71263265.9045961	0.0027793638058379866	0.0939627215564421	0.006684865828519904	0.104667336538928
20	0.05	2	-71180995.3437412	0.009696257699997934	0.0958273363225688	-71180985.4560931	0.007519430980140962	0.0957261076155256	0.003169532659934915	0.104449683689115
20	0.05	2	-71229778.4495216	0.01035247424183705	0.0958296288708723	-71229750.2826504	0.007331363764697896	0.0951077910904305	0.005326109763040043	0.10506852325903
20	0.05	2	-71198631.8921253	0.006758023236897004	0.104687958954092	-71198625.7924194	0.002288327611583041	0.0951045273838276	0.005846639768662953	0.104615935560527
20	0.05	2	-71152773.8300635	0.008032741749182892	0.0956410637036759	-71152761.1037169	0.005581884964303896	0.0953699812216321	0.004293865657338025	0.105091337630389
20	0.05	2	-71197679.0369312	0.011081380538956909	0.103796977912343	-71197632.2942996	0.006268278518716031	0.0934975455493024	0.007712816062979022	0.104717498911064
20	0.05	2	-71304803.4586739	0.00845874019810089	0.105096633414659	-71304801.7919022	0.000961160400475114	0.0963977393491073	0.007725018372058079	0.105091258427848
20	0.05	2	-71211516.6660275	0.008529883888534928	0.0972562494585811	-71211495.0603536	0.006339889347394934	0.0961725651554714	0.004520050719098889	0.104742583975755
20	0.2	0.8	-71370671.80148	0.025500077552219946	0.0957061740300395	-71370515.4553159	0.013358892116216103	0.0944231193334149	0.013329484592141894	0.105301018124819
20	0.2	0.8	-71258725.2846398	0.03065016974157897	0.10410244887005	-71258610.1939714	0.01211388127508195	0.0951235750964424	0.0135596169763601	0.105070640396162
20	0.2	0.8	-71252918.9627	0.021395629661043913	0.105321337042616	-71252791.4613376	0.010199372797516038	0.0948455316554904	0.012584902371882922	0.105154655192855
20	0.2	0.8	-71239625.5447433	0.02364044832102108	0.094365280696692	-71239470.2030282	0.013286467381298905	0.093996758167086	0.011538913413635998	0.10586716923295
20	0.2	0.8	-71371867.1387691	0.02085698886006193	0.0957009857882183	-71371752.554674	0.01279441978751894	0.0952268324053454	0.009517274287799915	0.105665105864777
20	0.2	0.8	-71235909.8698227	0.025398932637778926	0.104198099845311	-71235785.9277284	0.01089989189061491	0.0949953444797248	0.013577083329199047	0.105023641070715
20	0.2	0.8	-71328392.1499604	0.019207036429300106	0.0944281022741923	-71328303.0277613	0.012935862785804941	0.0938060401672194	0.008308775220178033	0.104315587779462
20	0.2	0.8	-71371298.6410201	0.028915970951876924	0.105062859446817	-71371195.5151251	0.00934420935939706	0.0944863072865224	0.016895686718258918	0.10505950836028
20	0.2	0.8	-71296570.8856211	0.022451780104020935	0.104197113779321	-71296477.4392357	0.008899672465676023	0.0955228019843681	0.0144813488146609	0.105320285129492
20	0.2	0.8	-71308259.6724984	0.023934206099975985	0.101660450888033	-71308167.4315787	0.011125848479281997	0.0956623942976441	0.01195845558736508	0.105350558703455
20	0.2	0.8	-71311629.6145852	0.02809520984638192	0.0957053379180224	-71311525.0722808	0.015452606059258911	0.0956998103014314	0.009924173545577952	0.105321919029396
20	0.2	0.8	-71308390.6896309	0.01730106278844301	0.0957674913625978	-71308307.9409913	0.010796524303140043	0.0951837052428193	0.008418633783935925	0.105045028250098
20	0.2	0.8	-71272438.6028682	0.02248517748214407	0.105055867794396	-71272313.1133562	0.009940772624703054	0.0936378869221338	0.013730739735680064	0.105063745268182
20	0.2	0.8	-71321122.5615643	0.026176724286479103	0.104197043406495	-71320975.0461431	0.011163017379179019	0.0935786409477855	0.014591128693896893	0.105066509440547
20	0.2	0.8	-71364243.3431366	0.02732659426036199	0.104100107858461	-71364158.6413792	0.010496504405877016	0.0937759792558401	0.014477849857958969	0.105309389723882
20	0.2	0.8	-71310554.5316647	0.029076505976797895	0.0956999264508371	-71310429.8386923	0.015419424845997898	0.0949217683535377	0.011613290773963003	0.105409701947472
20	0.2	0.8	-71282265.7137855	0.024779281482257942	0.10410122720076	-71282155.3208835	0.010658369406535972	0.0951552975512519	0.012417403353742973	0.105049796924896
20	0.2	0.8	-71299647.8373458	0.022106695350558092	0.104104093877361	-71299579.041571	0.00735216474534206	0.0950787195806593	0.014396054910659095	0.105062960597836
20	0.2	0.8	-71262730.0465876	0.025451814117917082	0.0957056865123253	-71262616.8500172	0.014316509960802914	0.0950359027749764	0.010222454693716077	0.105005475528278
20	0.2	0.8	-71363867.0676153	0.032235230277485094	0.0977056732993042	-71363705.3528935	0.015426380517400973	0.0953445059732724	0.012807731768781916	0.105320664277024
20	0.4	1.2	-71371822.2634245	0.012555988661637985	0.0981117234380126	-71371794.7899543	0.008025201341897992	0.0958246981699864	0.006210365702839948	0.104816341270995
20	0.4	1.2	-71332167.1728423	0.01133473259693707	0.10406866573129	-71332132.1692052	0.006385062416035092	0.0953541802923797	0.006152436649120019	0.105522840540238
20	0.4	1.2	-71435897.4937889	0.01597246329619806	0.102618590125181	-71435862.4511374	0.006313445736639056	0.0953872223974977	0.008467157243339019	0.105028495296715
20	0.4	1.2	-71411310.300019	0.011488959923697029	0.0957304146975638	-71411275.7203846	0.0078011629109759895	0.0951152512485442	0.005330647202305028	0.10476407341906
20	0.4	1.2	-71414203.4361099	0.010611705039839103	0.0951605361047054	-71414157.5759652	0.0063700887458230104	0.0951761114935114	0.00612005092589607	0.105126018730097
20	0.4	1.2	-71396764.4995146	0.010353618696184896	0.104984341078322	-71396741.0956636	0.0043324322323559095	0.0951510815263978	0.007282294616242968	0.104977980648335
20	0.4	1.2	-71343961.5997538	0.010838748894698047	0.0950523280066004	-71343922.6324208	0.006786178372995888	0.0950914781355395	0.0055312999811969465	0.10513140333582
20	0.4	1.2	-71363238.2013479	0.011747450192603925	0.0961797941694492	-71363195.1388638	0.006777629431717003	0.096080261167879	0.0061770196669600486	0.105002642971894
20	0.4	1.2	-71347004.8002736	0.020740401684016918	0.0957028072083722	-71346947.0223979	0.01141702491154406	0.094835303719521	0.008660283723859963	0.104981025797398
20	0.4	1.2	-71386223.7053059	0.009256012973763994	0.0956840750551467	-71386185.9702757	0.006207459520380931	0.0954578992977099	0.00551494848491807	0.105209811226552
20	0.4	1.2	-71323779.2672172	0.00983607580777901	0.0951783712247974	-71323740.434322	0.006052574722118065	0.0946575345594756	0.00589852784839795	0.10504663045032
20	0.4	1.2	-71352637.4224486	0.011054269136742012	0.105094612631942	-71352605.0277425	0.005140926574620064	0.0947891453910322	0.007953060548263946	0.105099512160605
20	0.4	1.2	-71458910.0992638	0.011291559234536952	0.0955615073630324	-71458870.1529583	0.007061327086618108	0.094214046351217	0.006181464088015898	0.105091591837818
20	0.4	1.2	-71432093.7308222	0.01439223189983907	0.0983414847993765	-71432066.2203056	0.008880370271364901	0.0951275948530271	0.0064812774229781045	0.105109317791581
20	0.4	1.2	-71368952.1128475	0.011606727783735948	0.105092433247419	-71368928.0828402	0.0037871230460010397	0.0952499446273335	0.008418983703402994	0.104971825105683
20	0.4	1.2	-71399214.5599736	0.012549512011840958	0.105093553826223	-71399174.5376663	0.005889469738995956	0.0951159158522889	0.00744745980067707	0.105201714422231
20	0.4	1.2	-71391930.9668986	0.012565116503596041	0.0958420794755982	-71391888.2837214	0.007392003939460046	0.0958003056918505	0.0067275576610220655	0.105127678111921
20	0.4	1.2	-71435752.4495458	0.0138727079581209	0.0951926613297176	-71435697.013198	0.007829583865042955	0.0951173075035408	0.00768570220311704	0.10509131291321
20	0.4	1.2	-71431338.0744524	0.012032367777380037	0.104981729083491	-71431312.228082	0.004654806882994911	0.0950662322348149	0.008669441680798085	0.104990896578036
20	0.4	1.2	-71342398.771247	0.008392156143697926	0.0953169767987217	-71342390.1783385	0.007084408493041039	0.0953035324046564	0.0018622921770369283	0.105702707600592
20	0.2	1.2	-71236149.2429693	0.015150953869897066	0.100164373055261	-71236068.9236956	0.008830780244955982	0.0949772841393028	0.008721821504899085	0.105131818140317
20	0.2	1.2	-71314023.9681404	0.015244110662437027	0.0953477604112756	-71313934.51385	0.009821732712158915	0.0951650221336431	0.008060384088037997	0.106554236392371
20	0.2	1.2	-71321619.4432596	0.011486645605523926	0.0956876480455259	-71321538.465247	0.007852349480196086	0.0952420404386378	0.007265418880940011	0.105437277533854
20	0.2	1.2	-71326731.489732	0.0156132207282621	0.104910902877848	-71326634.5028575	0.00822865113736393	0.0951100400897094	0.009421958843122025	0.104961222138502
20	0.2	1.2	-71293283.3861975	0.017795824393762927	0.101726157427731	-71293206.8166632	0.00919030745242111	0.0951587679316634	0.010014051560060078	0.105031384355759
20	0.2	1.2	-71331686.3193001	0.012739150656358	0.0964222362500867	-71331618.9974315	0.007538856890879964	0.0951486697554791	0.0073887890486019625	0.105096514262577
20	0.2	1.2	-71269290.2657912	0.012389289158416084	0.0956992842882459	-71269224.2875655	0.007129361240156951	0.0950754643591673	0.006972044318383941	0.104727252484228
20	0.2	1.2	-71297006.0637387	0.014038816422459077	0.095695576679761	-71296938.8218586	0.008946279898665033	0.0951175161703167	0.006616336312398996	0.104778477654351
20	0.2	1.2	-71236856.7013771	0.013101989392525049	0.0972449957521852	-71236787.4746134	0.00814662219668194	0.0954806884352843	0.007808112402104994	0.104263995860074
20	0.2	1.2	-71304438.2578165	0.013950340595598076	0.105022941388767	-71304371.395797	0.006973714135721898	0.0953214689603054	0.009217338320102964	0.105142662177116
20	0.2	1.2	-71326818.6870018	0.013110689208601034	0.0994182540662454	-71326747.7723458	0.008437097059340926	0.0950788411898328	0.007118408166618906	0.104711078948202
20	0.2	1.2	-71320106.1526396	0.01445982632174092	0.0952299562685581	-71320010.8228806	0.009007268594802054	0.0951618862437274	0.008305728977821891	0.10516480039636
20	0.2	1.2	-71235876.7395245	0.011846277548421047	0.0951570568504641	-71235786.2069674	0.008173702375402936	0.095107228963222	0.0075308888783389705	0.105116036627711
20	0.2	1.2	-71282933.4999671	0.012691972194295964	0.104993335119599	-71282877.4284365	0.006614176319457932	0.0946745074380226	0.007968368325760089	0.104966673382926
20	0.2	1.2	-71268301.0210977	0.012952527211757991	0.0952368434482884	-71268228.2216625	0.008400994687123076	0.0951454357149688	0.007168078496237906	0.104998700495699
20	0.2	1.2	-71317183.0978571	0.014319826349182052	0.094920008737331	-71317091.1987123	0.009237591170640047	0.094772004207854	0.007987389616737062	0.105015048514153
20	0.2	1.2	-71373681.3827693	0.017099990682014954	0.0949103008224977	-71373613.539582	0.012018218110723011	0.0947204455252336	0.006833510557563094	0.105099682556841
20	0.2	1.2	-71343021.8737713	0.01386536291441598	0.105157039437147	-71342944.6298749	0.007471576804722102	0.0953990225504404	0.008863164252722044	0.105093903959309
20	0.2	1.2	-71332185.5753365	0.015523252214422967	0.101725521582459	-71332108.2798146	0.008634551373595922	0.0953835180746467	0.008274554872358064	0.105276503929863
20	0.2	1.2	-71311497.072234	0.013548370267858045	0.10480991754118	-71311437.1925565	0.006662901231298091	0.0951800384813163	0.00868403867060008	0.105032478302657
20	0.05	1.2	-71195093.2859118	0.019003332443184084	0.104180642001495	-71195014.8186305	0.010057277973077983	0.0957138855755281	0.011394673114784037	0.104949831147827
20	0.05	1.2	-71266936.4813508	0.01651163729043892	0.0952441035727452	-71266885.8899954	0.012962366760081001	0.0951181915622915	0.006636990556643019	0.105017126720672
20	0.05	1.2	-71172731.8246255	0.012752857385437966	0.104947775631609	-71172683.142527	0.007338183496223949	0.0948993146245576	0.008849749366859894	0.104900546256137
20	0.05	1.2	-71248645.5275548	0.014517767498700929	0.10552970085172	-71248544.5083033	0.00952904450575609	0.0945046055641501	0.009527295336342112	0.105577678090328
20	0.05	1.2	-71177069.474381	0.01363146769544199	0.0958215808080305	-71177042.7238779	0.010604843541238917	0.0958141931538241	0.005147070007519905	0.10499429804265
20	0.05	1.2	-71210206.7150726	0.01230600475046506	0.0957691033941929	-71210173.3522588	0.009090929767320066	0.095124359138963	0.005822639381062977	0.104817474608752
20	0.05	1.2	-71293414.5316748	0.012840439977903073	0.0952057716082753	-71293363.6759856	0.010035356716523003	0.0951512743347855	0.0060400964346999375	0.105599898609655
20	0.05	1.2	-71262546.4848565	0.011069116120303035	0.104392570620038	-71262519.127493	0.005868740940177974	0.0953337346286642	0.0081043475668231	0.104682084261635
20	0.05	1.2	-71217505.9392046	0.01901396664894206	0.095707520046284	-71217409.4398979	0.011662307436756891	0.0955428520247367	0.009051689144361053	0.104994816392013
20	0.05	1.2	-71188901.2348271	0.014707416087577974	0.104084414769172	-71188815.6550855	0.009064991593584093	0.0951227634088403	0.008888163142320993	0.104992257720202
20	0.05	1.2	-71139083.1718535	0.018820735889255036	0.103817054170878	-71138936.1487788	0.011129236713262047	0.094607152871638	0.011842883657458891	0.104968426009172
20	0.05	1.2	-71164129.0542428	0.012283417676661967	0.0951773468163371	-71164124.8883789	0.011751412087960045	0.0951101359474124	0.0020519564225630615	0.104484698685227
20	0.05	1.2	-71190190.9022779	0.01134196806128096	0.105115970047555	-71190164.558959	0.005095930952636052	0.0952082382391141	0.008689644410083908	0.105118564614925
20	0.05	1.2	-71177896.6796517	0.012305238027424004	0.104882236357052	-71177847.2188925	0.006989679718235942	0.0943142300749862	0.008702891214017905	0.105098093299812
20	0.05	1.2	-71215333.5080243	0.015986763656636982	0.095773241753588	-71215225.9557985	0.009757112284056957	0.0951683167268618	0.010305338254961938	0.105171385222116
20	0.05	1.2	-71208688.9445197	0.015204066921096993	0.101971051492654	-71208631.6806576	0.007918978992037973	0.0951307963575019	0.010525129617462103	0.104971981702816
20	0.05	1.2	-71227992.7023603	0.012014589625120031	0.105180536453303	-71227953.0453119	0.006228296382984055	0.0947869662860138	0.008553171452238995	0.10538803606131
20	0.05	1.2	-71201866.8959778	0.015606321332177986	0.100874672967688	-71201814.3578376	0.009204079819361999	0.0997555430508001	0.008141822345580918	0.106294460089203
20	0.05	1.2	-71229508.5186654	0.016317226836461085	0.0953418752474879	-71229402.4045229	0.011202511548257021	0.0951516826957881	0.009685528432440083	0.105071153019339
20	0.05	1.2	-71202461.3259354	0.014634419532478904	0.104333042576289	-71202362.350229	0.00928811993368106	0.0951187790750395	0.009450154423160106	0.105200021710949
20	0.4	0.8	-71338551.2359705	0.04222931280395592	0.104102812886966	-71338457.0451183	0.012316767799896988	0.0944538612816708	0.016544815289777914	0.105367110563455
20	0.4	0.8	-71383147.3372858	0.046054026931936054	0.0957055549373966	-71383101.2829673	0.023933070394962064	0.0957039130467641	0.010805421350642108	0.105363316019762
20	0.4	0.8	-71359161.047748	0.04118281964208503	0.0957055913345407	-71359093.3468231	0.014660767695337973	0.0953468442132657	0.014982240348822895	0.105324574556613
20	0.4	0.8	-71411694.6540149	0.0332185184952819	0.0957051601189354	-71411617.1854579	0.015892118753902063	0.0947242977689624	0.010676787256315934	0.105320089595486
20	0.4	0.8	-71405395.9507652	0.0415111220870229	0.101657050459932	-71405349.889503	0.013375438226283065	0.0956441239069565	0.013905759830337927	0.105392939609271
20	0.4	0.8	-71336263.9305331	0.036973079274174925	0.10409651188755	-71336198.0634729	0.010379175843483024	0.0951437224568871	0.01652967768304503	0.105319025618758
20	0.4	0.8	-71422004.5862497	0.030915207614276907	0.0957043945102683	-71421926.3015851	0.013828435456658905	0.095518791365739	0.011874061148145043	0.105305368852928
20	0.4	0.8	-71341470.0465257	0.031211352121718106	0.0969449519013779	-71341399.5935635	0.012152657428318059	0.0947083726485839	0.012760123094596953	0.103673672660663
20	0.4	0.8	-71419863.635443	0.035711669896742904	0.101657435689099	-71419768.4270142	0.013837105546323891	0.0954308598510888	0.013727934501295058	0.105374020856452
20	0.4	0.8	-71377223.2168006	0.03290278915353595	0.104099963589849	-71377169.4981561	0.010129260965456965	0.0947800600799753	0.01607140727073797	0.105076641510002
20	0.4	0.8	-71458171.0836117	0.03394950211715908	0.10532548364349	-71458118.1962588	0.007538387098022015	0.0948013932849385	0.022690970466758054	0.105315095340338
20	0.4	0.8	-71417045.3304471	0.03270468470046006	0.101659065157284	-71416964.6858656	0.012155924092820958	0.0913315459801465	0.014434995385518956	0.105164648250893
20	0.4	0.8	-71371749.7759954	0.039519068249624034	0.0957041083302869	-71371682.0825687	0.015353714653154937	0.0952355708004012	0.012647790378819024	0.1053267129475
20	0.4	0.8	-71363054.7094523	0.03193954284684497	0.10410160353089	-71362985.2317095	0.010251073153461965	0.0950973441419066	0.016789685595835935	0.105311587570252
20	0.4	0.8	-71462724.5701787	0.0481838537994409	0.104100282881187	-71462665.3914034	0.008816147365420912	0.0867208889486413	0.0283571413360989	0.10410357602592
20	0.4	0.8	-71438096.9794147	0.04296251920110006	0.105323046306985	-71438031.1891906	0.013349425584038954	0.0940185667499083	0.018865555163162906	0.105355599651951
20	0.4	0.8	-71377043.6104058	0.03027289205412198	0.104099291530847	-71376973.3742253	0.011507848776604046	0.09471942542292	0.015200981654141965	0.104165585398281
20	0.4	0.8	-71432919.9932111	0.03330583772454099	0.0980764242335158	-71432876.7981133	0.017425093905917066	0.0957055095360866	0.010778537894638007	0.105303260104145
20	0.4	0.8	-71362771.5261168	0.03121181422767494	0.0957045990259201	-71362669.4321382	0.01425622014594008	0.094912875507934	0.01090312418142303	0.105560327800373
20	0.4	0.8	-71366075.783263	0.03375463606059792	0.0957046370624658	-71366013.8654245	0.018975635469976937	0.0943653370426168	0.008398392653795939	0.107158150519009
20	0.05	0.8	-71191260.4753988	0.02226694402262408	0.0957075107315857	-71191148.2951124	0.015400626697419928	0.0952130590871045	0.01033073217610192	0.105144933852377
20	0.05	0.8	-71279901.4305968	0.01772401053039696	0.0949150723968587	-71279796.728268	0.012950882371880024	0.0948991718609262	0.009646874834699948	0.107411796387642
20	0.05	0.8	-71219651.3596013	0.015633610642883045	0.0957081977491362	-71219561.7587026	0.01029585773472097	0.0953174935430976	0.009486600704018078	0.104623976050772
20	0.05	0.8	-71204916.0975136	0.017344014251316042	0.103543312703951	-71204840.3646445	0.009349750009761904	0.0950189301677014	0.011739983041218927	0.105142826116535
20	0.05	0.8	-71231833.5744606	0.025771302454000944	0.104193932165312	-71231674.6218527	0.011584477739438048	0.092551538034794	0.0173947258095839	0.105319602849284
20	0.05	0.8	-71251219.4179902	0.019809455569442913	0.104080327787892	-71251078.2832756	0.011808333855244046	0.094267923974465	0.012167756116159056	0.105324946401673
20	0.05	0.8	-71258707.0843434	0.017411619828516023	0.105322040898094	-71258605.7367358	0.010062802521299097	0.0950768029660861	0.011868643418799896	0.105724452164521
20	0.05	0.8	-71264952.955293	0.01905820716836204	0.101963020116247	-71264832.3070868	0.011317916016238105	0.095084769008763	0.011617854100737013	0.104594044997335
20	0.05	0.8	-71183129.2107307	0.01640795420988006	0.0949323107635943	-71183110.2079085	0.014515747035919069	0.0949544799100842	0.004502056200383908	0.104405942188374
20	0.05	0.8	-71228081.5619165	0.019214489900517995	0.0964353731655943	-71227997.6034019	0.0137615858662401	0.0951334177740144	0.009737724561021954	0.10465389111873
20	0.05	0.8	-71150226.9494247	0.017847067108223036	0.105765391625205	-71150122.4709444	0.009679767893495006	0.0946331552216967	0.01279871962808099	0.105749739727624
20	0.05	0.8	-71188367.66551	0.018955071901558984	0.105353578378002	-71188231.1765264	0.011237382841715049	0.0952463591073441	0.01249476093868196	0.105489092617813
20	0.05	0.8	-71227503.2553353	0.016526327899463955	0.105056913348505	-71227447.2892269	0.00793175512333899	0.0949865412799338	0.012980157418121085	0.10531320250728
20	0.05	0.8	-71180646.5400062	0.01931086015695993	0.105457942117557	-71180536.7873746	0.010346341840081985	0.0949047147032357	0.013174669737659905	0.10611159468342
20	0.05	0.8	-71217718.3666753	0.0221494758151769	0.10239081677049	-71217587.1930169	0.012096544773058104	0.0948801245710332	0.013138336051377042	0.105065289347202
20	0.05	0.8	-71222751.5918037	0.021822862526679088	0.101666118120843	-71222576.3469236	0.013554291690720088	0.0952241649963289	0.012103032852214923	0.105019085847961
20	0.05	0.8	-71253026.16121	0.021870579589881922	0.0958391852318364	-71252879.5114244	0.014261792347955993	0.094876912451629	0.011701810737120066	0.105521252156197
20	0.05	0.8	-71239999.0800677	0.016701373083201076	0.0938280642985576	-71239874.987508	0.011009444281959047	0.0934610476134314	0.010653834116056915	0.105494172644596
20	0.05	0.8	-71267281.4726437	0.016385139167724105	0.104712655678941	-71267198.0513616	0.008857726729779913	0.0721422626295864	0.01454765962147997	0.104705548613024
20	0.05	0.8	-71231541.6012048	0.01805718385212196	0.105058913214005	-71231423.9620386	0.010713895947476071	0.0943436249770419	0.012286506195396951	0.105483938995912
20	0.1	2	-71196836.4914265	0.007882259336401964	0.0955551240071347	-71196826.5572714	0.005546353516582947	0.0957355989008673	0.0029774692236959055	0.103117667515305
20	0.1	2	-71241745.1141192	0.004532429051139042	0.0951213790696933	-71241745.9151135	0.004352688742862987	0.0953169566734324	1.9480108275904406e-05	0.104661273948419
20	0.1	2	-71277661.9093927	0.008988753492936041	0.105101541419463	-71277654.8069811	0.0023571807859789073	0.095187776497884	0.008286572989181007	0.105100248663237
20	0.1	2	-71298123.1049366	0.009083265107504901	0.10509397714151	-71298101.7655631	0.004389814988895013	0.0955929923833148	0.006477525988024091	0.105112930823533
20	0.1	2	-71273387.6944152	0.008771997106537976	0.0955448157435106	-71273357.2773086	0.00539038501609701	0.095449929460674	0.005188731322723017	0.105127795739567
20	0.1	2	-71207037.5697088	0.007933707469420903	0.104987046609737	-71207007.5158767	0.004492544117297048	0.0955878975188042	0.005165647774259985	0.104836234982489
20	0.1	2	-71292702.0311355	0.009425675219724927	0.102702108195096	-71292670.5978117	0.005102120907321095	0.0963679582392849	0.00544697336892308	0.104886307459404
20	0.1	2	-71277185.8951771	0.007781493968921027	0.102869902236227	-71277167.1697786	0.004495766448376903	0.0957186276192411	0.005052891308376051	0.105126666417744
20	0.1	2	-71272197.2686828	0.00853798125821903	0.104681070490848	-71272174.4591165	0.003719497100523106	0.0954374597508721	0.006318214309721015	0.104691934837749
20	0.1	2	-71253977.3820082	0.008060702289680033	0.105093674685136	-71253977.7089244	0.00030479068050104363	0.0947742400100089	0.007757783064702983	0.105101410642096
20	0.1	2	-71245567.3488633	0.0063547017464969935	0.104864366543928	-71245563.0763678	0.0014034312359200163	0.0951090332682571	0.00539009323252404	0.104976922297133
20	0.1	2	-71258415.3100773	0.006777994214500094	0.105012750277015	-71258389.3316663	0.0048854097883619385	0.0947581784250894	0.004491620125004037	0.105084251866412
20	0.1	2	-71298680.0211833	0.007340389609203024	0.104668715330276	-71298655.6158495	0.004640816018819938	0.0953774297618541	0.005242947824540045	0.104985493830753
20	0.1	2	-71273805.9308791	0.007773633253241985	0.104345380875089	-71273778.4447736	0.004902554682176041	0.0953881505237649	0.004776216187342031	0.104613642815049
20	0.1	2	-71252815.4727411	0.008561198834781014	0.0965289744900367	-71252809.9361862	0.006422312544756004	0.095146914444115	0.003547523742760017	0.100007295348466
20	0.1	2	-71310180.9898344	0.009945883585402049	0.100969684655453	-71310139.3137966	0.005693956478916018	0.0956148821407189	0.005900336123456085	0.105559258795928
20	0.1	2	-71204963.849502	0.007624855275024989	0.104970238199599	-71204952.0122689	0.0026108573284210346	0.0950969722651597	0.00557483413308002	0.104912452915843
20	0.1	2	-71245482.0996527	0.006957546615044885	0.0951076025299933	-71245461.0136212	0.005296389163061965	0.0950977045619968	0.003795702162876058	0.105603929968543
20	0.1	2	-71213750.4032074	0.010185776674184965	0.0947017337683577	-71213715.0425812	0.007353369823096978	0.0945459144663303	0.004732258016162061	0.104741250651036
20	0.1	2	-71257422.1125187	0.006288173473854908	0.0947689851863685	-71257419.605794	0.005598855757796062	0.0947590857699637	0.001045771150722019	0.105033402181356
20	0.1	1.2	-71267756.3573999	0.016590670613717995	0.104229283443654	-71267675.9716312	0.007651573733885031	0.0946904082607494	0.011320629291299955	0.104691241490344
20	0.1	1.2	-71254577.9379359	0.01484163042206299	0.0956932049930805	-71254531.0728924	0.010589020672238991	0.0952133597811932	0.00617452861067691	0.10467075774047
20	0.1	1.2	-71235001.3510762	0.013279622421978998	0.095216488613569	-71234951.1851759	0.009861290835540992	0.0951600328135781	0.006189732380040058	0.105114826436311
20	0.1	1.2	-71225573.3017351	0.012799158851317993	0.0953943483637668	-71225495.8632711	0.008371805677624078	0.0947126777706795	0.00793951924354408	0.10520364494378
20	0.1	1.2	-71192241.7917252	0.014294004421877893	0.105313899974953	-71192152.5421479	0.00864112457778099	0.0948636093614203	0.008846242778378088	0.105674922620613
20	0.1	1.2	-71206370.4686253	0.015908407527302937	0.101656589501909	-71206290.8446545	0.0097556283009399	0.0947515078756623	0.008185048274276907	0.10505519221889
20	0.1	1.2	-71181113.9080556	0.01404495223300306	0.10423656097441	-71181071.5757697	0.006199087148277105	0.0964061667999078	0.00962780860445489	0.10468318936397
20	0.1	1.2	-71284099.1525016	0.009666764919779025	0.0950333251945071	-71284062.0806117	0.006942082988196985	0.0948443057932077	0.00555115543672402	0.107234013900046
20	0.1	1.2	-71290544.4205948	0.014971196048516044	0.10509683884422	-71290489.7900862	0.006394184150542936	0.0968105499742339	0.010573914519283911	0.105101970106302
20	0.1	1.2	-71250297.1396568	0.013162221295501042	0.104462699278446	-71250232.0650846	0.0073083883378810555	0.0948710963058905	0.009124913915619981	0.105454755067974
20	0.1	1.2	-71225147.8633866	0.013565338187879084	0.101651986122475	-71225112.3641448	0.005195580861776072	0.0951467081716378	0.009359800364076909	0.104695952523121
20	0.1	1.2	-71315549.3333982	0.018236736112761	0.1027668304381	-71315416.4779242	0.010573360479358085	0.0951698281361857	0.009987195380879	0.104968027116113
20	0.1	1.2	-71248089.805396	0.01456683193016406	0.0956845035199979	-71248027.4014068	0.010115881071316113	0.095282301179388	0.006890896254004075	0.104986224861746
20	0.1	1.2	-71231815.9845286	0.01296624851432393	0.0957619852912031	-71231730.1195922	0.007943913182777096	0.095184963607029	0.008121079698499956	0.105074273269189
20	0.1	1.2	-71256232.7211415	0.01380412401600406	0.0949111774018672	-71256130.4032955	0.009105473260199948	0.0948309544278969	0.00870723880799995	0.104839182657532
20	0.1	1.2	-71265336.3312081	0.011591775993799014	0.104594112038265	-71265276.7261595	0.006950567565464083	0.0954584920208907	0.00771591086594503	0.105132216039363
20	0.1	1.2	-71276385.5443885	0.013528597321604052	0.101653755013208	-71276328.6521065	0.008064693388718958	0.0951989737208168	0.008069901670844093	0.104667101052308
20	0.1	1.2	-71264450.4335057	0.016081753939838017	0.104086192408086	-71264350.4186995	0.009380298273724108	0.0946476155587138	0.008794521567720093	0.104971472860669
20	0.1	1.2	-71227412.4194048	0.014702371094358901	0.0952245159753846	-71227306.7015558	0.009463291277037045	0.0950871792025157	0.008759215441296986	0.105202717994567
20	0.1	1.2	-71213217.4227884	0.014454173974261075	0.105354583113637	-71213175.7096208	0.0050863121186950355	0.0951572300043017	0.011273795194918113	0.105374176879684
20	0.4	0.5	-71440730.2713978	0.07716371390810395	0.0957056838727439	-71440613.3230101	0.0571881418459359	0.0957056715050408	0.010391135880579938	0.129395033353244
20	0.4	0.5	-71384539.3225302	0.07280647305274102	0.102393241321274	-71384522.1540369	0.004075630546484077	0.071069950421415	0.06676635448725499	0.101659331122658
20	0.4	0.5	-71377982.2656171	0.0836448746764431	0.0957027692941813	-71377951.6479467	0.06475379343477905	0.0957754317212149	0.0068892061135760185	0.128772575251579
20	0.4	0.5	-71417329.3668344	0.06866745216053904	0.102391773158245	-71417288.3298351	0.004062416606376962	0.0711122187887282	0.060744417168100084	0.102393631975736
20	0.4	0.5	-71400142.579915	0.06957755326479598	0.0956952451149301	-71400087.89632	0.05115631306126389	0.0955240216713635	0.0061408268827019	0.128904019324418
20	0.4	0.5	-71422517.0755945	0.07413065444598	0.105324889874146	-71422481.045223	0.005149375544999946	0.0922111643144829	0.06729926255526097	0.105325302607956
20	0.4	0.5	-71391188.8134797	0.07615680236060496	0.101659509353553	-71391145.6146233	0.011025459798355897	0.092259635468505	0.05008508176307902	0.10410057266801
20	0.4	0.5	-71337796.5476212	0.06714412864526309	0.102392967371523	-71337793.3854384	0.0011979075981980447	0.0851592224685382	0.05736113931619802	0.102775860541774
20	0.4	0.5	-71319491.6818365	0.059534134523203	0.0957054833929767	-71319489.6926162	0.029457939277405032	0.0936360982779729	0.011154117243916906	0.105145022044891
20	0.4	0.5	-71320927.7803315	0.07527340262948101	0.100818503538259	-71320926.7697934	4.361959617593669e-05	0.0911321098473581	0.07751758349089799	0.100818304064494
20	0.4	0.5	-71440954.8248392	0.0537786728197609	0.101657564790361	-71440850.822255	0.05770384454369992	0.0943653097974542	0.006480566819384026	0.122865776918162
20	0.4	0.5	-71337509.6309245	0.07011799593324208	0.104101765793064	-71337458.8173876	0.01576471758671605	0.0950344218004202	0.027140741107783084	0.105324702749518
20	0.4	0.5	-71403775.3280331	0.08025057035488303	0.100817960822202	-71403733.5372491	0.005852217816157079	0.0700085580390353	0.055840592363061936	0.101659003915621
20	0.4	0.5	-71402049.8119947	0.06699797501115601	0.0941865941872301	-71402022.1770125	0.04900273930521892	0.0941300848833217	0.01002193518428296	0.105193782487229
20	0.4	0.5	-71432620.1985067	0.08251930857080203	0.105321026098491	-71432606.7114761	0.006049452737245109	0.0839475270322874	0.055877014044295015	0.105325134155606
20	0.4	0.5	-71375887.9210404	0.073100319046002	0.0948822629972041	-71375810.8265873	0.006512734251776009	0.0707735470683567	0.07094719647513803	0.105324283976739
20	0.4	0.5	-71414249.9134456	0.0752656585079371	0.105324995528215	-71414185.5694908	0.009780254956782919	0.0745679247169654	0.045752213239797945	0.104101158158087
20	0.4	0.5	-71371794.606806	0.077037422816984	0.0977059104926688	-71371733.9698797	0.058656143821942064	0.0958400704796017	0.00852964893255792	0.119970567156413
20	0.4	0.5	-71400635.0452347	0.0873622867818421	0.10409686599486	-71400588.8267388	0.005924749382658079	0.070772273014576	0.08264532404690095	0.104102769942028
20	0.4	0.5	-71399487.6251216	0.08864814351781791	0.0957027085867382	-71399350.7657419	0.05619100979966096	0.0943653095231164	0.00910528704613911	0.129243372660383
20	0.05	0.5	-71179431.58318	0.024020022231879046	0.0969457596649472	-71179318.5928805	0.014813972217365023	0.0922571542217472	0.013684921082260937	0.100053776683623
20	0.05	0.5	-71216996.5154746	0.020626994996939985	0.0957053248512286	-71216841.9431756	0.01336410792074405	0.095140616660145	0.012857837759996937	0.105313938789013
20	0.05	0.5	-71207267.484225	0.02268072951876099	0.100881795679292	-71207085.5351073	0.014202671906920927	0.094397652292893	0.013515066191220004	0.107301601131287
20	0.05	0.5	-71240238.4047304	0.025390242690594977	0.0955216955927892	-71240065.7688744	0.016951971163304047	0.0948309883324293	0.013201051002221909	0.105339503615613
20	0.05	0.5	-71219542.9440994	0.025621239637699023	0.104191179291738	-71219327.9869647	0.014899838170738033	0.0948639247827385	0.014986427846264028	0.106101431492038
20	0.05	0.5	-71242113.7025397	0.023684229971156046	0.105325332221512	-71241986.4951754	0.012389087648356889	0.0952341228032397	0.015856731863299056	0.107329958843456
20	0.05	0.5	-71242936.5808144	0.023753877845195115	0.105486548842921	-71242729.8246652	0.014626269826000016	0.094426249835203	0.015529544539418016	0.105759460660577
20	0.05	0.5	-71118981.9806693	0.025235759469222963	0.104197021883831	-71118791.9426976	0.014802734390484962	0.0949814040288218	0.015072659401594968	0.107404162745058
20	0.05	0.5	-71201062.3135282	0.022130066434139062	0.104944513161219	-71200906.9094967	0.01176276109374308	0.0950896611728151	0.01543273049787608	0.105152002166705
20	0.05	0.5	-71222171.6754622	0.021112228540520972	0.104650788534975	-71221980.6948233	0.016356157804857996	0.0948581896935549	0.013163474033863087	0.111102701668932
20	0.05	0.5	-71207490.9614995	0.018531212332920988	0.103271557285163	-71207392.1159623	0.011502072763125093	0.094356236446076	0.012897977629603097	0.103862947989939
20	0.05	0.5	-71232778.3511083	0.023290743290404037	0.0957047570095358	-71232663.9530627	0.016624090144199966	0.0946979502158963	0.011095773723782898	0.105261087699166
20	0.05	0.5	-71195051.4891949	0.018630686745615965	0.100863699641514	-71194926.951181	0.011742099407340056	0.0951036651450484	0.011878798790703082	0.105676386427641
20	0.05	0.5	-71169583.041636	0.024631586501557057	0.104102643493935	-71169485.5872722	0.01084831738845704	0.0957347564982049	0.016720750711317067	0.10505692642918
20	0.05	0.5	-71112212.4725603	0.020130901687780978	0.102953316346873	-71112086.7328862	0.012303308445863026	0.0947895390330944	0.012877418090901038	0.104794711496372
20	0.05	0.5	-71239008.0872036	0.024617840715397077	0.105323891523516	-71238871.4313536	0.011634219330742046	0.0950060585608307	0.017084505694636043	0.10562103157012
20	0.05	0.5	-71181197.9933716	0.027962432685817107	0.0958327805332025	-71181025.5172154	0.01782702418136306	0.0957689603102263	0.0133342838874001	0.105058639487572
20	0.05	0.5	-71154017.3053742	0.018628375306099065	0.0953456703262326	-71153910.3885173	0.012585013637702924	0.0948600907675563	0.011219682639402095	0.105853810750337
20	0.05	0.5	-71215486.3474539	0.021318111380097093	0.104095316121532	-71215334.3876038	0.013512910255536914	0.0946993816940038	0.013016630616277003	0.105318322108335
20	0.05	0.5	-71152567.8544556	0.023552611077415908	0.104209774531126	-71152384.5988315	0.015504279639714902	0.0944213270815187	0.01319164790128502	0.108310448926402
20	0.1	0.5	-71273921.3244918	0.024170056387422978	0.10419776523589	-71273734.5742279	0.013213056528836087	0.0952319249741864	0.014192355973299042	0.105422429000137
20	0.1	0.5	-71218537.4222036	0.026717076123540018	0.105324061893026	-71218306.5248236	0.014814306612239925	0.0943985565161775	0.015291744472501034	0.106455420353925
20	0.1	0.5	-71213093.8929309	0.024178251842621012	0.101659855481219	-71212971.1771119	0.011095376576979898	0.0914636474532368	0.015026986153817035	0.105039599398652
20	0.1	0.5	-71243424.6720055	0.04567587986268207	0.104101608556721	-71243198.9578219	0.015684511840184934	0.0931445871151509	0.016639349548299043	0.105322030897905
20	0.1	0.5	-71260535.2821751	0.019931821903780955	0.0952323495695895	-71260371.9826996	0.014110543857296043	0.0944267470856751	0.011169842580360911	0.105633248148982
20	0.1	0.5	-71237048.0858847	0.027115614779384067	0.100880292716493	-71236830.8771058	0.013908640027004093	0.0948998458280317	0.014521681902615935	0.105319215041516
20	0.1	0.5	-71248886.1770313	0.038049795118180074	0.104103509422583	-71248688.3543175	0.01676019357344305	0.0943650005712499	0.014789350336355978	0.104326653042822
20	0.1	0.5	-71235215.4792116	0.029400982915157914	0.10166080364024	-71235080.7648188	0.014142381726084063	0.0944288185849385	0.014592368450640048	0.105058878564189
20	0.1	0.5	-71253751.335205	0.038072752887817085	0.101658596927199	-71253628.9845028	0.014978280259878907	0.0924378363995262	0.01706795296046093	0.105064133321697
20	0.1	0.5	-71257870.6439839	0.03287721796589704	0.104102451147367	-71257752.058704	0.011821138184401891	0.0954340570888477	0.017304067610243945	0.105064743239675
20	0.1	0.5	-71271658.42977	0.026133735040119066	0.104101775920022	-71271465.4547748	0.013202698000085111	0.0947042225250994	0.01434823191143797	0.105420131665165
20	0.1	0.5	-71181082.1238979	0.027230871071920904	0.104198285346711	-71180887.2401038	0.018080686884494934	0.0956966515828061	0.0140448383528049	0.114120657065545
20	0.1	0.5	-71246304.2555696	0.023035884121756944	0.104192148637964	-71246136.3092072	0.011902840959176042	0.095203607905081	0.014440592748037995	0.105166062855579
20	0.1	0.5	-71243242.3306519	0.021382931661583893	0.105360539893479	-71243059.3936389	0.011980696813501002	0.0951065498985074	0.013444563064901938	0.105532464610935
20	0.1	0.5	-71236382.7338167	0.02445780243253992	0.104193115784451	-71236203.4349253	0.012607480307318064	0.0944072055236748	0.014380024271365088	0.105761583896064
20	0.1	0.5	-71238105.9052642	0.022619980174638954	0.0980796278341209	-71237942.9988084	0.018959760442819995	0.0977283972433572	0.011271489674680057	0.128428160321853
20	0.1	0.5	-71226054.0282161	0.02821475722734501	0.104197262621049	-71225860.9884021	0.01503239597128192	0.0955164803215894	0.014089251715577067	0.105325537604267
20	0.1	0.5	-71240496.1441393	0.03273286197707903	0.10410295059054	-71240347.4765153	0.01156403032111708	0.0949152610124455	0.019391665812515946	0.105319709214716
20	0.1	0.5	-71281079.5268843	0.037106304966220915	0.101659398708	-71280896.038199	0.014143980554138902	0.0948714231811928	0.016849294554778904	0.105050711495453
20	0.1	0.5	-71303185.0469901	0.02382625224898005	0.104203572342465	-71303052.328282	0.010943351344298025	0.0951807892115326	0.01563278304284199	0.105324473099065
20	0.2	0.5	-71295524.767794	0.04990689863378395	0.104102151819846	-71295393.1812791	0.015998978781196938	0.0948813773151599	0.016626764677461048	0.105064815058295
20	0.2	0.5	-71341396.5181133	0.035095873768235086	0.0956993378376323	-71341251.0778393	0.017424570593162936	0.0956027119899611	0.012848927037315105	0.105313035428424
20	0.2	0.5	-71338293.8646289	0.04643549215263709	0.0956044544230545	-71338168.0621362	0.018217415201462916	0.0945054039007913	0.014678415969136993	0.105061290264378
20	0.2	0.5	-71368717.6192508	0.052899467095863906	0.104099193522404	-71368694.2927011	0.013719539810802095	0.0957088849174529	0.020519104374657093	0.105421724889521
20	0.2	0.5	-71235325.0211578	0.03811646023328097	0.0980791972124089	-71235178.0149079	0.015966927762118055	0.0958146006532213	0.014563052417620903	0.105322143162562
20	0.2	0.5	-71262324.9342844	0.0574489230079569	0.104103272502071	-71262249.6543409	0.015897570274983952	0.0941865984121242	0.01747414192224206	0.105323913819216
20	0.2	0.5	-71320255.149386	0.051816068999400056	0.105323783241738	-71320193.416491	0.010997868376183995	0.095260450133577	0.021324864589623904	0.105325993533372
20	0.2	0.5	-71284974.0932549	0.04587699021427705	0.104102879993551	-71284889.4669543	0.012848977925495997	0.0944095660040506	0.019330861056416015	0.104093398748415
20	0.2	0.5	-71262326.7911716	0.034891042171042996	0.0977062942631769	-71262182.7184785	0.015393528068998075	0.0949874946455189	0.013702563182496075	0.105287570131003
20	0.2	0.5	-71274669.4210831	0.057281281780023896	0.095703725199167	-71274645.0148562	0.021233961791161104	0.0957038388601767	0.016143505093574984	0.105290346072484
20	0.2	0.5	-71314398.4460691	0.05176693697046009	0.10410006699388	-71314249.2014686	0.018956866525000948	0.094506372182347	0.014174971919639012	0.105764898953819
20	0.2	0.5	-71277044.4133499	0.04053692583324009	0.104101916523954	-71276906.6278093	0.013307217557544049	0.0952203169983272	0.016701123957883923	0.105420098386197
20	0.2	0.5	-71286841.5110842	0.030479705350864084	0.105324037039784	-71286673.4548935	0.012864744033702968	0.0952233794272374	0.01572592599867606	0.105373192076377
20	0.2	0.5	-71279571.6085886	0.045847732251445006	0.105325394563023	-71279432.7091313	0.013164546151456902	0.0936334869353435	0.018469321755679946	0.105323735599644
20	0.2	0.5	-71382232.2317879	0.058071369198176015	0.104103031035566	-71382199.8568619	0.014723756419855016	0.0950439968508107	0.01807759148866106	0.105760384210025
20	0.2	0.5	-71291646.559032	0.029847150642201892	0.0958406023914032	-71291467.3355032	0.01621354396474095	0.0947174245785471	0.014842821535282047	0.105159559074921
20	0.2	0.5	-71377884.1194487	0.05154018472462207	0.0941303158889992	-71377793.7354073	0.019311281630264077	0.0911635502713254	0.013735481216795908	0.105318675233699
20	0.2	0.5	-71320551.1993237	0.052568677040916056	0.104102056830555	-71320474.861002	0.013926094572261905	0.0945128962447089	0.020407855576459966	0.105356326590561
20	0.2	0.5	-71287012.253899	0.035182238899122975	0.0943649565299536	-71286811.8959279	0.015232696445001026	0.0925352799217188	0.014857358044185087	0.105318798077347
20	0.2	0.5	-71263020.6933828	0.023308345071500924	0.0957754127616175	-71262842.9063186	0.012460188046340082	0.0932949159678117	0.01390989233510298	0.105300290424374
