count	gens	miss_t_f	lnl0	sel0	loc0	lnl1	sel1_0	loc1_0	sel1_1	loc1_1
20	500	2	-71255590.0079387	0.003530463880940915	0.0951297812025961	-71255589.9073763	0.0035545627935010815	0.0951159887237331	4.624257299079559e-06	0.101009496220033
20	500	2	-71251734.7260158	0.004157368515920079	0.095006892054526	-71251735.5951109	0.004197521391299919	0.0950378187716877	5.225878064407663e-05	0.104749602462992
20	500	2	-71289934.5135424	0.005310974176883088	0.0957573071899272	-71289934.082166	0.005245079361642979	0.095723346641183	0.00018710130818000437	0.100038687015902
20	500	2	-71322576.8189027	0.006301234935818911	0.0949040202714194	-71322570.8866058	0.005945592118418053	0.0949069563547434	0.0007911998308159918	0.100558231183192
20	500	2	-71384387.175539	0.004843842807258025	0.0954732525656729	-71384362.2380055	0.004132214096900011	0.0952628446765523	0.0016821719798959522	0.102154013595695
20	500	2	-71239584.1687416	0.0046509000080598994	0.0952299430224782	-71239578.9189805	0.0042954484763150225	0.095219316131136	0.0009253946235560084	0.100412554170731
20	500	2	-71284570.9061705	0.005726393166338051	0.0952384082967113	-71284564.5050653	0.005269979789497947	0.0951472595810152	0.0008066032964960668	0.100010046045676
20	500	2	-71300041.451437	0.005891070703324064	0.0953453626704768	-71300038.4738224	0.005777917912677899	0.0953293605862981	0.00040179354886304974	0.104419007641624
20	500	2	-71270111.1997354	0.003482316121599993	0.0950542741434257	-71270110.7308386	0.0032940496787791096	0.0951008915578685	0.00033045841372492113	0.110342333103791
20	500	2	-71289045.6717263	0.005863756527555997	0.0951477807316768	-71289045.9469347	0.0056865914697760145	0.0951149709719413	4.685090638889555e-06	0.100223231616739
20	500	2	-71344345.8456659	0.006628029962580051	0.0948869911737371	-71344345.8849905	0.006080513527120912	0.0948752556949633	0.0006864108029190907	0.101076328388779
20	500	2	-71306190.0841011	0.005508271904022033	0.0947361694706157	-71306190.8229507	0.005562157191257966	0.0949924602023469	1.5837555220610255e-06	0.113871619302669
20	500	2	-71301169.5805113	0.003296408314975907	0.095215134250484	-71301169.6257039	0.003066787538619109	0.0951957815713013	0.00021521558431503163	0.100583187750654
20	500	2	-71328556.3006011	0.004821266163003934	0.0952312426497762	-71328549.7629629	0.004378255921735907	0.0950755197657189	0.0005153277551809277	0.104977201902371
20	500	2	-71256764.5315385	0.005164610134576919	0.0953387739876164	-71256765.1220097	0.005052532708742952	0.0953484902469662	1.5286042779005804e-05	0.129834659701915
20	500	2	-71278420.3268929	0.005360124053964022	0.0953422478642866	-71278413.1384847	0.005084814720680897	0.0953562988053567	0.0007112308811169088	0.100224168170348
20	500	2	-71280448.3475393	0.0045546964410820845	0.0951397730964481	-71280448.561357	0.004603657848781917	0.0951504528899363	0.00022419329884393324	0.100074299054752
20	500	2	-71305526.9567743	0.0046625742921760915	0.0952245044954475	-71305520.7276382	0.004297302809277093	0.0951781787643008	0.0009557157651809423	0.102632362376322
20	500	2	-71312232.9035844	0.0036104828937238986	0.0947671896659277	-71312228.3327737	0.003059950302996106	0.0947595109051779	0.0010504822502169775	0.100109386825021
20	500	2	-71362470.7710707	0.0040440318513150775	0.0952335371225451	-71362463.4648226	0.003596384521143081	0.0952212398447868	0.0009284047484440228	0.103116670147354
20	200	2	-71264248.9813353	0.004607650833083898	0.0935930672928743	-71264247.4788467	0.0037454785714841066	0.0934823149340759	0.0009221696226769938	0.100825865266298
20	200	2	-71243333.9791141	0.001721039600082963	0.0950333044351394	-71243334.3712942	0.002261757565204081	0.0951984397394074	7.147626486103675e-05	0.103057761143606
20	200	2	-71279697.7337887	0.004239449269915041	0.0961512722108585	-71279697.8546229	0.004275610344019021	0.0961529426463291	1.99541306239448e-05	0.104607889723406
20	200	2	-71189291.0669102	0.0007896455208410424	0.0967360898318981	-71189290.1580995	0.0010326116536820695	0.0966158994690512	1.15245212389814e-05	0.101949886804332
20	200	2	-71314301.7392401	0.002709752675381094	0.0882936325763471	-71314302.0727867	0.0022972194570390903	0.088072871969103	4.752692400500358e-05	0.10059110458009
20	200	2	-71236089.3713689	0.0025391932190169664	0.0947650762880827	-71236089.6027303	0.002500167606435899	0.0947871025218792	0.00013427194498294437	0.100912759977238
20	200	2	-71288972.722037	0.0019104403406160486	0.0700592063763455	-71288972.5357061	0.0018200145407010204	0.0934105540183479	0.0008366742463820076	0.112684051285601
20	200	2	-71281841.3040911	0.004149632063338959	0.0954463148910867	-71281841.3307212	0.004287115162215915	0.0955828885810982	0.00020531199221596186	0.109482180879641
20	200	2	-71275518.3275565	0.005004444569600919	0.0954666051928098	-71275518.2979176	0.0051708257846589945	0.0954570099900055	5.103090159330748e-07	0.105392756871976
20	200	2	-71184978.5009447	0.004981534019422029	0.0933838509281804	-71184979.4306332	0.004804107101043065	0.0932501000538527	0.0001955912045010777	0.100864642255186
20	200	2	-71260801.2076789	0.00556643962654102	0.0944492566530615	-71260791.4361319	0.005299347296576995	0.094714483025223	0.002648904386021056	0.118878049129507
20	200	2	-71313242.8353303	0.0009422659011030232	0.0896158189630562	-71313244.6563904	0.0007307053473779579	0.0889786079898867	0.0003990689545950721	0.101090015299589
20	200	2	-71258603.3499054	0.0034356075738580794	0.0978675497761149	-71258603.9646552	0.0030703629420250067	0.0977719534682761	0.000193181066935999	0.10255527587552
20	200	2	-71299390.1068369	0.004294807947658019	0.0893246788222333	-71299390.0675208	0.004619048149001936	0.0892838132302707	0.0001263987241590936	0.100485403238282
20	200	2	-71260942.7156519	0.0030464743358789015	0.0906268472553142	-71260942.903749	0.0029671608005149563	0.0910177975098687	0.00010127221965905431	0.10069635914622
20	200	2	-71294999.7512521	0.0033970908358019747	0.0934856832619261	-71295000.0347448	0.0031608380030030414	0.0934373696572137	0.00010499181049994366	0.10210197803732
20	200	2	-71284667.5584899	0.005303282471518012	0.0952372020045021	-71284664.9662166	0.0041452055277200195	0.0951462683718186	0.0015011248610219408	0.101188911994166
20	200	2	-71342419.7606922	0.0036075124991570284	0.112272874673043	-71342413.5565905	0.002824306292418921	0.0951079151321518	0.0023583467497990673	0.112828477367656
20	200	2	-71253873.7110524	0.002139815833894998	0.0944063654650533	-71253874.5243362	0.0017786316681369652	0.0939158703560396	0.0002264046038759071	0.117419219794826
20	200	2	-71237373.5984167	0.0029905514408020695	0.0951097098215096	-71237374.0182185	0.00276809864646399	0.0951219423983635	0.00013217394567699436	0.101248794207356
20	100	0.5	-71258927.8308726	0.04054081089612405	0.100059433685685	-71258926.1072911	0.03599488732266398	0.0999626818688385	0.011375447657544058	0.126841012378465
20	100	0.5	-71237037.7222743	0.05055943343565805	0.101732843836105	-71237025.7164937	0.034078635273718905	0.0710574534804586	0.03160621243776296	0.129951089873014
20	100	0.5	-71176466.9652108	0.03426193137939604	0.0955284743030813	-71176463.4829241	0.029819456389342913	0.0887602626084049	0.01158434588209789	0.129616496468142
20	100	0.5	-71273227.7002625	0.03215658572773905	0.0984040732113348	-71273226.8879987	0.027466880217117073	0.0984317016300962	0.006893882667357909	0.120451403189079
20	100	0.5	-71156782.869405	0.036035483792255074	0.0852537842645419	-71156781.1310167	0.024926002315456053	0.0771958173370818	0.017849081838683944	0.118874452351153
20	100	0.5	-71220992.4255721	0.033921819235042006	0.0922548173575415	-71220990.8752318	0.028611121798198025	0.0922314811578942	0.008733425854956067	0.121321693286997
20	100	0.5	-71263296.3254019	0.03888696336084008	0.0893874920619417	-71263286.809926	0.03292253792187505	0.0704430332145034	0.021489780945116	0.129014362601317
20	100	0.5	-71260024.6381999	0.04689135658268295	0.0888800396481713	-71260019.2054748	0.0383741969232031	0.0887236218958571	0.01748810699106207	0.129584804895577
20	100	0.5	-71262850.6537511	0.050283779282416896	0.0858131544035832	-71262834.8970481	0.03905434330574398	0.0776731685461884	0.02933866566255694	0.129649957943079
20	100	0.5	-71266122.6493989	0.049510958698395946	0.0913106711315103	-71266112.6399216	0.03500533801110095	0.07248589062028	0.026814062611519973	0.121871969109575
20	100	0.5	-71249838.7858544	0.032940833579877093	0.0940740334555898	-71249832.988986	0.02378246832542097	0.0927543234440021	0.016407113951218077	0.12873643426736
20	100	0.5	-71269073.9558222	0.03743808713321606	0.11611900539686	-71269067.3667272	0.019838829155641058	0.0705518162352704	0.029138125343460053	0.116032760175463
20	100	0.5	-71273387.9607744	0.04875562514133991	0.105097818080629	-71273376.410061	0.024005560271158966	0.0710084073843176	0.03398280044443802	0.109817644455696
20	100	0.5	-71235228.3727492	0.039844557877395936	0.0917744419505269	-71235228.233053	0.03793317485118497	0.0918971676074783	0.002233558140219083	0.123690711370509
20	100	0.5	-71286190.3273871	0.042973960273195	0.0985228723233567	-71286174.4886894	0.030237823517504037	0.0790069536090653	0.026939305608616904	0.126500811394456
20	100	0.5	-71278956.2102904	0.03997364719945806	0.112275042246383	-71278951.3973911	0.013684144940477094	0.078877255564337	0.03251249528520206	0.11238667221985
20	100	0.5	-71212780.2529996	0.03369153654722301	0.0948188096826949	-71212775.109177	0.02634165378189801	0.0719782097900089	0.015521606127816057	0.120291438073192
20	100	0.5	-71266586.9262064	0.04238651826290407	0.0914609311361582	-71266580.4902659	0.03098299509883906	0.0700149003318734	0.022677068158622915	0.120249119278602
20	100	0.5	-71205515.4965633	0.03813101066015889	0.089437666545098	-71205515.4906546	0.036340012706504	0.0895029780536388	0.00025360459079593056	0.115553894986597
20	100	0.5	-71252125.8413612	0.029174754185377072	0.119696879306775	-71252124.4845536	0.010985675235682058	0.0959484939336568	0.024528674769200065	0.129973747445126
20	100	2	-71242622.2868464	4.035456278916882e-06	0.0703905569349372	-71242622.3496824	3.799196744103117e-05	0.0736160806486326	1.0832513682945688e-05	0.10270487365984
20	100	2	-71236488.4024128	2.5306441519101774e-05	0.074486688009337	-71236488.5269016	6.321097619998994e-05	0.078128076856591	1.651811729808106e-05	0.123513756257397
20	100	2	-71236432.5298889	0.004878129053676905	0.095240828442101	-71236432.5236405	0.0045228120892799595	0.0951270447150339	0.0003003327927980637	0.103928190904809
20	100	2	-71240625.9196736	0.003704783324780081	0.0959351035874257	-71240626.2539996	0.003449125833283051	0.0960165857098771	0.0008846083745031041	0.101911326844359
20	100	2	-71289215.1036096	0.0023672895843430686	0.07005362173338	-71289215.3329908	0.0022942525297761085	0.0702160946811624	0.00014131071226208824	0.124118928141436
20	100	2	-71271875.9944565	0.002942720511296959	0.0733721618533636	-71271876.0809011	0.0029724873216611103	0.0734108493624843	7.57101590579401e-05	0.10470780385438
20	100	2	-71225552.3870089	0.0009887477773040665	0.11368723378584	-71225552.2756996	0.0009073669582979615	0.0976296977232985	0.00019000225817611405	0.110573457180547
20	100	2	-71248054.968127	1.2263369809639713e-06	0.0983492295811246	-71248055.0280763	1.9411666139945716e-05	0.0899503447520213	5.246721474949645e-06	0.100668892405307
20	100	2	-71243318.1300118	4.979144460959262e-06	0.0923614452528012	-71243318.3130595	3.960479399989225e-06	0.0959576375091113	0.0001543416716960344	0.12953108097655
20	100	2	-71280499.8821879	0.002983806411795964	0.0816641166968033	-71280500.4806751	0.0014111432502010857	0.0772779349717278	0.0011188158445230023	0.101206014347548
20	100	2	-71223374.7786002	2.1726152321988046e-05	0.119387078261021	-71223374.78731	1.2094320584021823e-05	0.0997146649038022	8.032729134399563e-05	0.100277926404624
20	100	2	-71276524.2036916	6.194434542972083e-06	0.0921132486540519	-71276524.2193916	3.41477284400149e-05	0.099822089359299	7.129943563999319e-06	0.100513257636943
20	100	2	-71214673.0575738	0.0006126287134778918	0.100733910268708	-71214672.7743534	0.0009659201164199382	0.099255142027631	0.00016100257321904898	0.100887218799855
20	100	2	-71236642.8542472	0.0008086084819770578	0.0915948351687826	-71236643.0397739	0.000683475807302103	0.0916052536881097	0.0006010659039150656	0.106376823741768
20	100	2	-71236569.9324367	1.2263369809639713e-06	0.0900758622134928	-71236569.9806178	0.00012714213925990592	0.0996610724223386	2.254886084096519e-05	0.101107655446131
20	100	2	-71256214.2165978	0.003383127796923069	0.0954752481055064	-71256214.7834278	0.002434209514158958	0.097066963558167	0.00018139023816299282	0.101551910812009
20	100	2	-71279656.1333388	0.0021232956817200943	0.0933455341177997	-71279656.3111376	0.002174913863563055	0.0931962157617998	4.2791220341009684e-05	0.105621399873965
20	100	2	-71238731.9426888	0.0059934932174599	0.0952886194914942	-71238731.9652324	0.005013962674957018	0.0953643049258248	0.000735571674177038	0.101951167394414
20	100	2	-71320757.1609544	0.004826373200843004	0.0970534344548508	-71320756.7213073	0.004724606825482036	0.0965380121414525	0.0003254737973770183	0.103715435918521
20	100	2	-71311525.5137157	0.00020278898375791776	0.0921132486540519	-71311525.5267538	0.00015374481948193797	0.0948644105136476	1.304147142300316e-05	0.108888838213412
20	200	0.5	-71307220.3643209	0.028430805634700018	0.0948501116244453	-71307216.1207639	0.026208366458884025	0.0933522452070968	0.00717968239975908	0.12178609517279
20	200	0.5	-71218320.7233446	0.02862322135504003	0.0943405331359943	-71218318.2153196	0.019744144717859013	0.0942704358128562	0.010510851380836073	0.107186286434304
20	200	0.5	-71254812.4893374	0.024401546629562954	0.0941059013197452	-71254812.5471912	0.021194071100821943	0.0940879545821922	0.0005407684796598922	0.104824102493587
20	200	0.5	-71308504.592905	0.026594336895821913	0.0952217315522498	-71308504.5318287	0.025656213262100103	0.0952373014103757	0.0008136082940150002	0.101095915206209
20	200	0.5	-71257383.5400407	0.03183584702495801	0.0942725207562208	-71257377.8665609	0.02678277074674207	0.0942284627796307	0.00880777804048305	0.122090224564462
20	200	0.5	-71310468.6157378	0.021855384899035046	0.0995992758909888	-71310462.5404851	0.017196013193818027	0.0998158010895576	0.008004118594380105	0.128112234989258
20	200	0.5	-71278353.8020582	0.03345857034498301	0.0932865833635737	-71278353.4760063	0.03135577153225799	0.0931630858635124	0.001973836395262052	0.10175661332744
20	200	0.5	-71256584.4932398	0.026797806608934938	0.0946829097939488	-71256583.8749858	0.022179008369254904	0.0948567580600203	0.003862663100178909	0.117667010634228
20	200	0.5	-71294808.6597285	0.02779997685818003	0.095122712434213	-71294807.0800923	0.020473327219422965	0.0951057728797263	0.010703948620819026	0.129787757744555
20	200	0.5	-71243377.9089416	0.023995370361963975	0.0925176632846027	-71243354.4825974	0.016198202594100986	0.088037616229802	0.015864211606563927	0.128984222318831
20	200	0.5	-71286852.5916962	0.029021528006583974	0.0913650617358064	-71286847.1346546	0.023368903419438092	0.074301891032989	0.01650677163139791	0.128523195679084
20	200	0.5	-71285260.6978577	0.024535763227063967	0.0948444034038659	-71285261.3650748	0.024464197461340098	0.0948372878156201	0.0012670048685040625	0.117582636534017
20	200	0.5	-71223247.9509195	0.02336681616645997	0.0944795990172755	-71223236.0719644	0.01889313147782401	0.0847654665421498	0.010688492384302029	0.12406855627397
20	200	0.5	-71194736.8511154	0.03134525989686199	0.0942783053408585	-71194735.8063903	0.028398084868517914	0.0941096875045464	0.003605067147922969	0.119339795950647
20	200	0.5	-71303446.8220698	0.020448676210484074	0.104092910422747	-71303429.9390299	0.014802251586420012	0.0839830722755502	0.014466802102582998	0.126302912368824
20	200	0.5	-71249697.972808	0.028655695689196015	0.102797779950004	-71249695.988951	0.003611904618340045	0.0737831848333591	0.02598119866920301	0.102776705606973
20	200	0.5	-71309209.5506388	0.028221834920396094	0.0977756823749538	-71309198.1882858	0.017298722005439027	0.0791071449334443	0.0170043124039021	0.112924691203029
20	200	0.5	-71189433.9180892	0.027007913537739903	0.0939839053786894	-71189434.2123482	0.02669045514865498	0.0940284320034673	0.0005173828137831071	0.124618070803633
20	200	0.5	-71254090.0847524	0.025574890976143072	0.0951738834941388	-71254085.1064488	0.020158442762497897	0.0950751029271252	0.009947032539042944	0.119619895973377
20	200	0.5	-71241954.2405738	0.025448233663721953	0.0915678503728504	-71241953.7390482	0.025968299649316906	0.0922858037145467	0.0005796028251200402	0.101674940469569
20	1000	0.8	-71294147.8656213	0.010369102434564903	0.0951717926947759	-71294146.7805297	0.010177819329755033	0.0951711727705896	0.0005548815503609861	0.126769331593751
20	1000	0.8	-71328086.4786707	0.007619991679396976	0.0951214327085269	-71328080.6585989	0.0077084153881219475	0.0951118377171558	0.001030188077978944	0.125598945665393
20	1000	0.8	-71307202.0910508	0.008220442486784107	0.0951221766959105	-71307198.077372	0.007482754990639107	0.0951280625729525	0.0009398095119249605	0.101960625733191
20	1000	0.8	-71346542.7025155	0.012620967687059892	0.0949649967350333	-71346545.7706198	0.012065033948304937	0.0950068778490685	0.0004514595595990212	0.100893401964198
20	1000	0.8	-71349759.7001239	0.012309966948136908	0.0949244865987947	-71349752.3009235	0.01156931432369701	0.0949290349460969	0.0008099766681649578	0.113948941727783
20	1000	0.8	-71198560.9801948	0.007709643148598899	0.0950718570290888	-71198560.8924081	0.0076664206870419305	0.0950701573899431	0.0003704815469619538	0.10302435246608
20	1000	0.8	-71303604.7029354	0.011852231862960028	0.0952308629740568	-71303574.809354	0.01114265683943505	0.0951755979053763	0.0018831520861579687	0.127024158145763
20	1000	0.8	-71299426.5126661	0.011809783605698954	0.0950656891261013	-71299426.9622121	0.011991091227805062	0.0950805446162617	0.00031503743734495604	0.124460681685305
20	1000	0.8	-71333101.448632	0.009390076533284941	0.0951620006776488	-71333088.3441671	0.009417784601934986	0.0951614919024081	0.00146470417437905	0.124711110410609
20	1000	0.8	-71324025.8337126	0.010302856319681974	0.0947582123743087	-71324023.6235305	0.009948355305955947	0.0947579317955426	0.0003125905508379878	0.104313775165051
20	1000	0.8	-71314133.2961152	0.013313245707716082	0.0950385720484283	-71314125.3961115	0.012001967139376957	0.0950512374217635	0.0008612523371031022	0.109143155887959
20	1000	0.8	-71303792.9268339	0.006533738966677971	0.0951069612214155	-71303793.8080115	0.006131184325157912	0.0951232382588321	2.0098768895970842e-05	0.102365354979261
20	1000	0.8	-71317783.4157678	0.010883490912817928	0.0950515826656954	-71317783.5913968	0.010664797149998018	0.0950390264737812	7.413721439974985e-06	0.100409494391863
20	1000	0.8	-71291507.4535174	0.008672785179382969	0.0951237262783559	-71291503.7613077	0.008422425728479954	0.0951003187810582	0.000712853429976068	0.114251541262884
20	1000	0.8	-71302118.4266536	0.009812090134641904	0.0951079660164483	-71302113.9519157	0.009636472750655933	0.0951053799294923	0.000690398789258917	0.117531421018914
20	1000	0.8	-71286675.9258072	0.0112597623092211	0.0948879507476525	-71286633.5489146	0.01019926001624305	0.0948834562319788	0.002218626296056958	0.127353649526727
20	1000	0.8	-71274063.1626148	0.011082134352518924	0.0951382068894163	-71274049.0369843	0.01062682988882302	0.0951064828679294	0.0013948472732578931	0.125281364882503
20	1000	0.8	-71353660.8603603	0.009854677853857963	0.0952181219226725	-71353616.1604874	0.008158778388337895	0.0951229369684665	0.002440659891162933	0.107329561472213
20	1000	0.8	-71304869.9748098	0.00841019123450193	0.0950639839085616	-71304867.6346611	0.008268639228978025	0.0950741229732993	0.0003572564769439568	0.113845946700689
20	1000	0.8	-71305748.6993706	0.010175605899798934	0.09499999443285	-71305743.9890861	0.009754761013395896	0.0950805346476404	0.0010418701076220227	0.124656932242907
20	500	1.2	-71335114.3372344	0.006897180679222958	0.0952824411376546	-71335102.5090469	0.006786975861554967	0.0953454531903116	0.001324329754639919	0.129708577299589
20	500	1.2	-71277271.5889647	0.007617939162945064	0.0950016596773535	-71277269.6389674	0.007385722109265025	0.0950532077741546	0.000850662404960012	0.103012156186899
20	500	1.2	-71344327.0473269	0.007103339407818932	0.0952217981615919	-71344322.4186907	0.006360529675416893	0.0951203659098371	0.001401129478482921	0.101555249139786
20	500	1.2	-71277192.591454	0.006984505699480059	0.095093462171298	-71277192.6833476	0.007188628599961944	0.0950666035793234	0.00014093174467599834	0.105911425534064
20	500	1.2	-71323007.3416824	0.0082766004973569	0.0955826980634239	-71322995.9923347	0.006435915909617895	0.0952628931891296	0.002792750271917055	0.101151134943687
20	500	1.2	-71252017.9896818	0.004572662062683919	0.0951220314680608	-71252018.0698366	0.004488799370597096	0.0951223718704129	6.064797957949786e-06	0.10316223163907
20	500	1.2	-71278591.3747431	0.009209897196501005	0.0949161230383067	-71278571.5009048	0.007720837796761915	0.0947240033827837	0.002532784375237962	0.102323894986585
20	500	1.2	-71335796.4726509	0.004937376169663943	0.0949956150891251	-71335791.1140755	0.004801629765975979	0.094742349396474	0.0012836939484989207	0.128019367665365
20	500	1.2	-71247979.0725634	0.00865507016030298	0.0951449895729553	-71247980.421929	0.008691846374735968	0.0951267703171401	0.0003906372252410195	0.109192898032926
20	500	1.2	-71280239.5676557	0.00867624557594393	0.0952401871075647	-71280238.9387981	0.008373282719100983	0.0951109631020062	0.0004997021494159704	0.102599419415407
20	500	1.2	-71348405.5526384	0.008091332535342	0.0946513954633796	-71348406.0764191	0.007887419281561892	0.0946870061419268	6.571173625591342e-05	0.100784423098134
20	500	1.2	-71209004.4841836	0.007228949602315904	0.0951055186061052	-71209004.5634156	0.007242534287197011	0.0951514891366866	7.451082546394705e-05	0.101868836780595
20	500	1.2	-71276420.1217894	0.0062200466871219495	0.094775782531077	-71276418.6693063	0.006171061273705036	0.0947848265849589	0.0008708072921770338	0.100315056559292
20	500	1.2	-71250953.3914544	0.009559688333381944	0.0952328980927336	-71250939.6713368	0.009020576840897965	0.0952230686026255	0.0019843035485399563	0.11076099077582
20	500	1.2	-71310861.1100809	0.007839447888643103	0.0953771127205734	-71310858.9867711	0.007666471140598929	0.0953761720620744	0.001080758137242066	0.110491987297347
20	500	1.2	-71318575.8788156	0.008396050917765074	0.0948876223657555	-71318575.0514794	0.008192839841939081	0.0948996274998806	0.000349705661839006	0.110240544662662
20	500	1.2	-71275273.3777686	0.00780129901685489	0.0945236499821253	-71275270.340197	0.0074951072007769515	0.0944650881421984	0.001138833616244006	0.100163289401656
20	500	1.2	-71261424.8789769	0.008301522617705115	0.0951052115656918	-71261426.5084962	0.008463037674119045	0.0950745593945891	0.00016159744883803562	0.126505297478513
20	500	1.2	-71270312.8276567	0.0092977709535349	0.0957810524417272	-71270311.3047938	0.009186943210195975	0.095832416975391	0.0005169251285040977	0.12864561209314
20	500	1.2	-71244953.0024474	0.00724214852430205	0.095170326129851	-71244953.1339895	0.006717357997783946	0.0951666053667921	0.0003245026260589867	0.108733653022526
20	200	1.2	-71344074.7624758	0.006782655983342933	0.09401872830413	-71344074.9261253	0.006592030122381076	0.0940363474913804	0.00025285273870490066	0.106590173563534
20	200	1.2	-71307399.997845	0.00842388511637493	0.0951290417186119	-71307400.1173615	0.006381537943955906	0.0950954297131105	0.0019299786927019502	0.100297874965423
20	200	1.2	-71265702.2557614	0.005870709626339066	0.0961197208026556	-71265702.5600515	0.005693658496099929	0.0963892093109335	0.0003942537903599552	0.101861862490397
20	200	1.2	-71307988.8130739	0.009366561021616926	0.102079152105581	-71307984.6585305	0.004212436756039106	0.0957128964189577	0.005378428154157011	0.102088653763107
20	200	1.2	-71253670.7834869	0.009032974111499947	0.0955195868268019	-71253665.9627849	0.007057101608959004	0.0953997684071016	0.0027913496145560712	0.114245415520391
20	200	1.2	-71272773.8759974	0.005339709877920096	0.0894295185798498	-71272772.4771748	0.004380402314644094	0.0893684272704911	0.001797941696558003	0.103345516834931
20	200	1.2	-71245515.6869982	0.003724627670324887	0.0954941727857335	-71245515.7707081	0.003699298975054943	0.095446365229718	6.282047884409447e-05	0.119423019907782
20	200	1.2	-71299053.3743922	0.009632725992797964	0.0945503718483152	-71299049.3187181	0.0074429235748819655	0.0942610369684675	0.0024208490653579995	0.129484215608878
20	200	1.2	-71295323.128505	0.010118453290357099	0.0951101751760033	-71295321.5975068	0.009951510861659019	0.0951120181539874	0.0013358522726590882	0.104131576871321
20	200	1.2	-71331771.5229115	0.01049173009965998	0.0964839112439452	-71331761.1999252	0.006833368879760937	0.096500814761958	0.004987850971783003	0.10945383358148
20	200	1.2	-71225828.0443647	0.0038438682286628945	0.0751914802201942	-71225827.4092409	0.0026798737778959136	0.0751287607802241	0.0008404270305829575	0.116489963081501
20	200	1.2	-71259094.9328774	0.009479784647465017	0.0944464858245292	-71259093.0206344	0.008031390377535974	0.0939746306967519	0.0019762638156369805	0.105331027974552
20	200	1.2	-71291935.4429818	0.005141388951883097	0.0894783320802709	-71291933.8350496	0.0038647774252219547	0.0893650715970762	0.0015077438794999232	0.116701348026847
20	200	1.2	-71200002.7544563	0.00554590761696494	0.0947569470210123	-71200001.9202167	0.005013642770559934	0.0944991090686726	0.0014110965438950407	0.112866776798704
20	200	1.2	-71290671.3150885	0.00757471276477506	0.0955872389861975	-71290670.4033594	0.007904132565375921	0.0953692493740643	3.2467059522978126e-05	0.105036479200626
20	200	1.2	-71240414.4267641	0.004218401781836079	0.0947618674076274	-71240413.6866445	0.003518310911503897	0.0952256705379037	0.000757096313222072	0.10351063270476
20	200	1.2	-71193952.3676987	0.011016467867124957	0.0976161220750808	-71193944.8841727	0.008480669369836047	0.0975713071263414	0.003971925426943912	0.108355777967901
20	200	1.2	-71245647.2855037	0.004700467714983891	0.0933229036966988	-71245647.5932364	0.004128988251137056	0.0932507921459232	0.0008931610360370934	0.101173827273127
20	200	1.2	-71226499.6491127	0.006375171435062055	0.110634485636403	-71226493.3826822	0.0036377627820370906	0.0968158978841356	0.003137740390159016	0.110476815622854
20	200	1.2	-71266326.4241103	0.009894886494904886	0.0951875429638917	-71266326.5099719	0.010252460465904	0.0952693632664459	0.00015560703424100097	0.106166182748633
20	1000	0.5	-71335842.6646935	0.01674615322604389	0.0951023656949116	-71335791.9594056	0.015187127266756972	0.0951081586984569	0.0036865465484359206	0.129151530240835
20	1000	0.5	-71330823.4539948	0.012747611280420013	0.0950709667148147	-71330814.2940118	0.013095849587782982	0.0951111800365373	0.0011997074664549245	0.129729598044292
20	1000	0.5	-71357245.0081805	0.013454512615278968	0.0951230396225254	-71357238.2216362	0.013202332167757014	0.0951062927416333	0.0017038142727809902	0.126790737994327
20	1000	0.5	-71315429.9580898	0.015025775141576991	0.0949770205180704	-71315418.942117	0.013332354330735985	0.0949859839617165	0.0024356270681029635	0.110497060317125
20	1000	0.5	-71309663.8671453	0.016709310102577035	0.0950748712143993	-71309634.8450759	0.01397216709638105	0.0950640320198633	0.0035711371398389202	0.114058742254901
20	1000	0.5	-71296032.5679236	0.01287173081402404	0.0950790153037276	-71296013.1084594	0.011771289892639092	0.0950695441012815	0.002322031917458056	0.121568993800901
20	1000	0.5	-71319027.3579578	0.018191681627640954	0.0950709036739725	-71319023.8752995	0.016910345882182987	0.0950782117349981	0.0010495686216250855	0.107012246348082
20	1000	0.5	-71289626.0867207	0.01543772616100303	0.0951025693658741	-71289625.0557327	0.014948180056364002	0.0951087227601209	0.0002461914964179135	0.117082429695885
20	1000	0.5	-71285815.9409706	0.014104990087543068	0.0951319260425944	-71285805.5221037	0.013105671041157896	0.0951068807826633	0.0016148489559218993	0.120229762530986
20	1000	0.5	-71327576.3295866	0.015332286201123035	0.0951230801328569	-71327505.1178627	0.013513787454699111	0.0951443454080698	0.004980646789623955	0.12982219395506
20	1000	0.5	-71277870.9563846	0.012745700296335927	0.0950760497139768	-71277851.4421009	0.011345765709463107	0.0950650589911557	0.0029458337981819183	0.121552222866187
20	1000	0.5	-71412768.0396893	0.01580036786651895	0.0950226849818401	-71412765.0156068	0.015280729145678018	0.0950156747379272	0.0007862453208169473	0.105918364740664
20	1000	0.5	-71278336.5030619	0.016508166669820024	0.0951265721595625	-71278339.1741104	0.0160774535940591	0.0950783972284619	0.00022280360291704326	0.112547927337621
20	1000	0.5	-71312882.8153305	0.012434166981755923	0.0951060040277502	-71312877.2931624	0.010827763899838083	0.0951072795945023	0.0014814481426369541	0.10326191123705
20	1000	0.5	-71293563.5560516	0.015604881254536074	0.0951301560904449	-71293563.9382965	0.015660697733195006	0.0951323110414657	4.1512046899949695e-05	0.111399122338562
20	1000	0.5	-71333203.9050732	0.018601606563242945	0.0952309084640462	-71333179.3417186	0.016424794943975085	0.0951618930327911	0.0029641401776050458	0.125044310201561
20	1000	0.5	-71224914.7843912	0.014454728202522915	0.0950745551006238	-71224909.618623	0.01369846752642001	0.0950798191990997	0.0013316467545630983	0.112080328223121
20	1000	0.5	-71324461.9087856	0.013784554411443106	0.0951252144512047	-71324436.5981075	0.01257713239946101	0.0951219388222715	0.003050201926561913	0.124520343855887
20	1000	0.5	-71212087.8661346	0.012206391907404912	0.0950748958120345	-71212085.9656265	0.011326125925840924	0.0950744527126981	0.0012735339205990348	0.105465460807764
20	1000	0.5	-71275955.1726689	0.011872926629920899	0.0951062784380012	-71275952.9485462	0.011341784668259969	0.09511203543922	0.0004156231198639837	0.11399738456867
20	500	0.8	-71278444.6512448	0.013445147236782029	0.09538715948256	-71278427.2403	0.011881550655778894	0.0953790116118863	0.0033239972728819067	0.11850465198639
20	500	0.8	-71273307.4877394	0.010932670175100911	0.0950095470347597	-71273301.9734821	0.009856895547921907	0.0950300985803757	0.002150269035837038	0.116514455118458
20	500	0.8	-71262439.7121047	0.012522837959095034	0.0951311911873883	-71262439.5226656	0.01206640894522093	0.0950571707466243	0.00045228700017607704	0.106447868257253
20	500	0.8	-71356583.0493189	0.012388038963980108	0.0949549691162821	-71356573.9080101	0.009705118546662894	0.0949273365503874	0.003341816073601067	0.10187167416727
20	500	0.8	-71272912.4643397	0.009782041842377076	0.0950808585118026	-71272912.6113062	0.009379936294777957	0.0950316346359028	0.001074752761495934	0.101319535768058
20	500	0.8	-71261317.3044618	0.01324858394947992	0.0951071141673412	-71261311.3070983	0.011383415599398039	0.0951014601488622	0.002036343381735972	0.10311201385355
20	500	0.8	-71326640.6107237	0.01190038845859509	0.0950422966299212	-71326626.1694925	0.01140310933145694	0.0950447788446793	0.0023987509817199326	0.126548323407225
20	500	0.8	-71276581.3469812	0.012434252725581962	0.0951541833983667	-71276582.53675	0.012318371599580047	0.0951582588277099	0.00020774808894308272	0.1268383227567
20	500	0.8	-71306312.6657764	0.009806606630201053	0.0951052929907539	-71306312.9461781	0.009640184156921028	0.0951300085801209	6.5339472570258295e-06	0.10191159484993
20	500	0.8	-71320057.543642	0.009854002372697068	0.0950839061125926	-71320058.1014908	0.00960667070728305	0.0950891238899029	3.747980312007737e-05	0.124686475044844
20	500	0.8	-71313215.3119063	0.013156366107735074	0.0951275764087174	-71313202.0757918	0.012441100467900035	0.0951684787342529	0.002194136102315891	0.112498397867137
20	500	0.8	-71301945.8737246	0.012247763375715981	0.0951178742144306	-71301942.7872367	0.011648415873322993	0.0950764304157578	0.0015623102175978953	0.100268721345805
20	500	0.8	-71260198.5712021	0.00826299434725597	0.0952324471901775	-71260192.9679315	0.007626804905199958	0.0951427292201898	0.0018389863630589032	0.128742540853659
20	500	0.8	-71299034.231165	0.012082629415818946	0.095159472345217	-71299024.439692	0.011190060767844012	0.0951577414598915	0.0023077018734409815	0.125027056791911
20	500	0.8	-71275435.933972	0.010441701864419062	0.0948804494476571	-71275413.7072224	0.008553243584123016	0.0947773354425547	0.003269728301204089	0.112228843540995
20	500	0.8	-71286304.7679609	0.010847379669999935	0.0951426272932073	-71286301.8175386	0.010140958734497052	0.0950897939730201	0.0011353601713569583	0.12173415145333
20	500	0.8	-71349893.0131118	0.013599676975018071	0.0951821049150364	-71349865.0468417	0.011942267800984951	0.0951188484477226	0.0039516823288549	0.111350958450968
20	500	0.8	-71302766.1849661	0.009617440834523983	0.0950708957311328	-71302766.5800619	0.009463832340802059	0.0951031891979221	4.05966310769168e-05	0.118425760697466
20	500	0.8	-71238438.312765	0.011945958601655038	0.0946774314593102	-71238438.2344102	0.011393635742602992	0.0946286284182333	0.00042193446122107403	0.103396418375629
20	500	0.8	-71298178.8767195	0.01061142126859993	0.0957556672740404	-71298179.1091695	0.010774172962178086	0.0956331245448496	9.717590512103857e-05	0.123409142957105
20	1000	2	-71279163.4993335	0.009076900827955092	0.0952341304508564	-71279162.46324	0.008428055997745099	0.0952301212329275	0.00022765396624202516	0.100544424901347
20	1000	2	-71265962.3572517	0.005155651589336063	0.0955236340330422	-71265957.2604079	0.004820396777057034	0.0955242684763451	0.0003216974000559425	0.100067174773745
20	1000	2	-71264448.1065937	0.00655050173724403	0.0952347015364331	-71264438.0217704	0.004971429921996062	0.0952328544753494	0.0009004934450010937	0.100037848750185
20	1000	2	-71318471.4035351	0.005940762962281965	0.0952280354533861	-71318470.1448844	0.005581952593475936	0.0952299704874233	0.00016893155043995467	0.100103507147578
20	1000	2	-71283311.1813711	0.006794677612160904	0.0950437382971561	-71283312.0534623	0.00700948822766001	0.0947194509908657	0.00012716165876103247	0.100152816941715
20	1000	2	-71306476.7157016	0.00627677157374007	0.0952327351912063	-71306477.6161519	0.006355352022544114	0.0952307963114189	4.615386221906714e-05	0.108527718705785
20	1000	2	-71278302.0801068	0.007189329319621907	0.0950439285281264	-71278300.1149722	0.006677145816179952	0.0950941478430796	0.00024792090590097793	0.10510871857351
20	1000	2	-71307523.5415545	0.005371190588656094	0.0950489602921079	-71307524.7101087	0.005279477242256081	0.0950932695386188	2.2641953840940587e-05	0.101158657973561
20	1000	2	-71341736.316658	0.0052073763414760554	0.0952338648936748	-71341694.9616906	0.0050282412988839065	0.0952332895247019	0.0007903018662559491	0.11073044547083
20	1000	2	-71345151.2177183	0.003939021807883969	0.0951274532126609	-71345151.7176589	0.003987368040319961	0.0951550288763247	4.960145035037833e-06	0.1007803270868
20	1000	2	-71289156.211036	0.0069777516663989125	0.0952343246377254	-71289129.6520176	0.0053309642579160155	0.0952346164855338	0.0010412900706648909	0.100544917458504
20	1000	2	-71289623.2103987	0.004049279440998976	0.095238634763015	-71289622.343315	0.00400580916112403	0.0952382415178345	0.00012541681704203445	0.100126096989204
20	1000	2	-71366646.4880935	0.0057372923392831066	0.0951504143833236	-71366615.7793821	0.0050190536064160796	0.0951631513017941	0.0009790463955239304	0.105162472826378
20	1000	2	-71305723.3291377	0.006160910530857988	0.0955053439911658	-71305719.4548781	0.00570648481566105	0.0954937856405543	0.0002854689917959341	0.103501149856005
20	1000	2	-71288278.6208927	0.008643298310116898	0.0952343894013306	-71288254.960626	0.00660857754183608	0.0952347020405197	0.0008103897783029446	0.106820484966921
20	1000	2	-71286454.9623382	0.00489280005278292	0.0952339157513907	-71286455.0492772	0.004854138677118924	0.0952322006281787	6.074094570651667e-07	0.104519692668641
20	1000	2	-71286146.090912	0.006067580733536082	0.0956051630029366	-71286124.1646037	0.005803170705421912	0.0956043478586635	0.000861862792440049	0.120965821035812
20	1000	2	-71332488.9458986	0.011513961081704993	0.0950428795543554	-71332463.7512193	0.010163500207855947	0.0950415507310181	0.0008089890085770657	0.107090469681824
20	1000	2	-71376183.5626986	0.009696366137755041	0.0952237009776758	-71376163.8523737	0.009084668722363909	0.0952301407911206	0.0006289835059790638	0.116700111897295
20	1000	2	-71237377.0881326	0.0042787332650600085	0.0951367675968735	-71237377.139381	0.004360985792042027	0.0951376005085628	1.172123236914402e-06	0.101964513920493
20	100	0.8	-71238250.8494712	0.01330515479620309	0.100915745157897	-71238250.5294344	0.007705242161878956	0.0944085110385737	0.006919660542824002	0.100967000195679
20	100	0.8	-71239629.6829395	0.01345976372265989	0.129723886922132	-71239629.048565	0.0037200009133570022	0.0847131390045296	0.013971721566039985	0.129872864372742
20	100	0.8	-71272591.6291083	0.01048098839455891	0.0950905068637068	-71272591.6931473	0.007890798349501016	0.0952841874843535	0.0020561909985991056	0.102912712220618
20	100	0.8	-71187285.7313734	0.015977207173497043	0.0930760074414941	-71187285.5630159	0.015976578014154974	0.0931098882063361	0.0013791007693000346	0.12024372555919
20	100	0.8	-71274418.5453176	0.014533018885478977	0.0948797268778983	-71274417.9924263	0.011515118297344085	0.0948115240392048	0.005434805234183937	0.113018896473667
20	100	0.8	-71258644.7688292	0.01648093774847892	0.11879452108501	-71258643.2413067	0.006219263122322016	0.0944324008448316	0.01248770645598507	0.123587375673502
20	100	0.8	-71282131.3697355	0.01767131594275495	0.0962204531828134	-71282125.4642723	0.013943356965021025	0.0758344854022623	0.011186757445783901	0.129971354855103
20	100	0.8	-71280149.6373252	0.013309762296197958	0.0760597158739038	-71280146.7807295	0.013517381200337963	0.072418385951254	0.0070138691565571065	0.127490621286958
20	100	0.8	-71235913.5983407	0.01875405010429909	0.0964694428384862	-71235912.28838	0.017151991243184006	0.0968971315345712	0.0031202555567398926	0.118473595126387
20	100	0.8	-71285854.1061789	0.020690375382078074	0.0769417218459845	-71285853.896863	0.02080577425197705	0.076853779378389	0.001212396032035934	0.103923118499507
20	100	0.8	-71225366.1335414	0.01875607944526292	0.0944241883180386	-71225366.7490206	0.016277495439763978	0.0746058352398356	0.002792325757143943	0.12685414199935
20	100	0.8	-71287074.4029689	0.020407386921797	0.0958157384350258	-71287070.9178844	0.01728169550492198	0.0957749949379043	0.00879507684091596	0.129612386250328
20	100	0.8	-71291644.4502579	0.020102053769096906	0.0934412639890927	-71291644.2600071	0.01613717812680404	0.0948399695734616	0.004134181698376982	0.104813858618953
20	100	0.8	-71248453.3964444	0.006507319244758003	0.117629513081065	-71248453.4448167	0.0002029251153770062	0.0712028393586335	0.006267309217744099	0.118222083102591
20	100	0.8	-71278925.3473655	0.019509457927683993	0.0958856149305727	-71278925.229296	0.01805064437946302	0.0958979778527848	0.0017823534079420833	0.128925738518686
20	100	0.8	-71256451.5281615	0.01605716994818196	0.0947987314923653	-71256451.3203819	0.01458956383778498	0.0950395126327877	0.001279632705638023	0.105900563390704
20	100	0.8	-71277729.6735993	0.016836643441524024	0.0815484073748806	-71277728.1198222	0.013991045555640014	0.0815243422964083	0.0052389725282240285	0.123589920216934
20	100	0.8	-71258867.3145963	0.013789409620381998	0.0930446341229497	-71258867.5085321	0.013457178690042926	0.0931443719828127	0.0012058659066409572	0.105152407295666
20	100	0.8	-71254398.2064335	0.018429182191020965	0.0993827434317148	-71254397.9320669	0.01590981467194097	0.0993653719908862	0.0021416212575370297	0.113461020770748
20	100	0.8	-71282088.1792265	0.02082074713143689	0.0965302372904965	-71282088.0638419	0.02048565267311797	0.0965617512959609	0.0014698378294760728	0.11632385314431
20	100	1.2	-71217951.7133409	0.001341008616541961	0.115697640478403	-71217951.5420167	0.0003347672694390402	0.0903454915028125	0.002115369987516047	0.117946304564688
20	100	1.2	-71197268.9517244	0.0025981646489440235	0.125563851510715	-71197268.817591	0.003187265274157025	0.0920729490168751	0.00040928178084398414	0.102437491314345
20	100	1.2	-71234898.9092946	0.00598620272827699	0.114180828975305	-71234898.7969253	0.0012320107434389271	0.094198212879262	0.0051643976797189906	0.113993025404506
20	100	1.2	-71260134.3401951	7.236770190877095e-07	0.0705662432702594	-71260134.3267981	0.0005200614681610816	0.0992669505520104	3.139033961807591e-05	0.100975472183669
20	100	1.2	-71270105.314373	0.007920993320258085	0.121691442588835	-71270105.2331383	0.0006344461667548984	0.0995794205412878	0.007423179938658042	0.121696654990292
20	100	1.2	-71293246.9330851	0.006650802482136897	0.0956576028214715	-71293246.982864	0.005758657735877026	0.0954338236073739	0.0003321875166401034	0.101756639657169
20	100	1.2	-71263870.0767775	0.009678935710956904	0.0818016846236139	-71263869.0943642	0.006452896288262955	0.081698318047585	0.0034404658435990276	0.100144935917612
20	100	1.2	-71224447.8832597	0.005378961367024093	0.0879196884435141	-71224448.222055	0.0051826795097410505	0.0879507966185345	0.00016447540592490206	0.12157322402693
20	100	1.2	-71185938.2220206	0.006611326485077895	0.098459564935071	-71185938.8286253	0.00747201153567989	0.0981253895462809	0.00044075983272406916	0.101423038374589
20	100	1.2	-71197793.6328477	0.005542418892075962	0.0919154864459316	-71197793.6686586	0.005512295566358905	0.0918868736665091	2.472460029601109e-05	0.124939154752629
20	100	1.2	-71269034.0259197	0.0038991435598210167	0.0812429694497013	-71269033.9818635	0.002282418146142051	0.0811198452284771	0.001426218545874991	0.112206697469654
20	100	1.2	-71285037.0022476	0.012872553492362049	0.120639380497052	-71285037.0195007	0.0006855608917999412	0.0985760306338306	0.012430179369359973	0.120580991555648
20	100	1.2	-71243945.851325	0.002387809531914975	0.129180338684364	-71243945.8750036	9.150820780501334e-05	0.0789928936716606	0.002708642562241015	0.129276273719598
20	100	1.2	-71268890.5765314	0.009054932398902094	0.0902214379945612	-71268890.5117329	0.005997954349861945	0.0902467087432883	0.0020314090805580998	0.101738463962623
20	100	1.2	-71190015.4744389	0.0035325545047218965	0.0999333362557677	-71190015.4649181	0.003868560357935924	0.0999345365799355	8.912124585092052e-06	0.116395447095617
20	100	1.2	-71257210.1772016	0.0007993668653820674	0.098806741748589	-71257210.1200553	0.0012320493302419022	0.0990548397101282	5.2374449819314606e-06	0.100585783963321
20	100	1.2	-71315840.1929737	0.008864791708359077	0.104397915618587	-71315840.2806251	0.0011162972409189953	0.0927453194777348	0.008201426785122923	0.104625542174674
20	100	1.2	-71252300.5628752	0.008892684738079915	0.0876257414489382	-71252300.1266704	0.009765188669215052	0.0875358949110734	0.0011552171085229546	0.103744167651746
20	100	1.2	-71259714.4508437	0.0023928369472769884	0.129463762045588	-71259714.3211436	0.0003454082917219159	0.09422612276032	0.0019402142667580558	0.129991326673223
20	100	1.2	-71250807.1615406	0.007713168769319045	0.0957240086354469	-71250806.9134135	0.005620990033822104	0.075168159555518	0.004752844805016032	0.118952216827506
20	500	0.5	-71280171.9585829	0.017054302287381917	0.0950646191410773	-71280172.8020873	0.017162480083377063	0.095048243232185	0.00037400659945896475	0.11512122914741
20	500	0.5	-71259719.0678057	0.02324214217777898	0.0950510172776599	-71259719.5807256	0.023595166702755965	0.0951105517907895	0.000165996648698985	0.116058341021668
20	500	0.5	-71269837.7004431	0.019270833373958074	0.0952481523958314	-71269837.5556482	0.017973941665474946	0.0952438987507473	0.0009080222989229503	0.12605862524384
20	500	0.5	-71335373.9477757	0.01617490814202105	0.0952327521889496	-71335374.1913085	0.016045703698079894	0.0952115450519485	0.00030517269464291896	0.102293380925521
20	500	0.5	-71255201.5084515	0.01901698471608093	0.0940933185163855	-71255175.8199107	0.017041922640321006	0.0939820992645502	0.0054219900598450055	0.129203840330808
20	500	0.5	-71326403.9660263	0.019144178509544973	0.0952291960425879	-71326404.4066373	0.019140108230242037	0.0951510616000364	3.1710783840011025e-05	0.10986307434773
20	500	0.5	-71331571.0525364	0.017089684139821926	0.0957260961342283	-71331571.2982343	0.017115968235557055	0.0956691365731589	0.00010162490529996848	0.103355784855954
20	500	0.5	-71269898.6925742	0.015129109879858937	0.095077058337427	-71269898.6645249	0.015548943026884032	0.0950988076829628	0.00025123426712092556	0.118836844559928
20	500	0.5	-71250867.7859177	0.017479196166981903	0.0945910130066136	-71250862.8526723	0.016369225542856025	0.0946422075568602	0.0033847983000759863	0.127918623696407
20	500	0.5	-71287029.5222339	0.015283157034916894	0.0950710741468769	-71287008.3629178	0.012906046604724053	0.0950968127255538	0.005601727389219935	0.128030524250086
20	500	0.5	-71282666.1811972	0.017743732360243958	0.0952041551874793	-71282649.7473636	0.014678700946179069	0.095236241316589	0.005505790955918077	0.121383659579754
20	500	0.5	-71195345.2058825	0.019783802537198025	0.0950617790142512	-71195335.5918774	0.01791817663767692	0.0951345740308743	0.003555743307682935	0.120607227494446
20	500	0.5	-71314158.4673579	0.022089948033862106	0.0950568791654963	-71314155.8191427	0.020342857957262095	0.0950642863310055	0.0021986564245000118	0.126318372281372
20	500	0.5	-71242487.6347858	0.02339740944558011	0.0953447235142577	-71242482.1198258	0.022891149709019953	0.0953493572131552	0.001276429679016089	0.129192627447058
20	500	0.5	-71258660.7770768	0.020227930157340923	0.0950639823785116	-71258657.9919646	0.019767616590580905	0.0950890826266799	0.001162388388260105	0.120972807351285
20	500	0.5	-71290937.9450436	0.01853330340367909	0.0951538634220101	-71290894.062333	0.013701067889919094	0.0951411541632069	0.008677210761937948	0.1182653384873
20	500	0.5	-71238529.2303705	0.020678312557475098	0.0950670652925225	-71238529.3224529	0.02044716426540394	0.0950713269622053	1.7476864079934984e-05	0.108821995577253
20	500	0.5	-71274308.1377803	0.018796521702198032	0.0951169143096599	-71274308.4609599	0.018800684092038056	0.0951179954828613	0.0007285775340760692	0.12148229857377
20	500	0.5	-71354408.7774822	0.016991697698979902	0.0952254929152787	-71354403.7104041	0.015529539407884041	0.095218957860962	0.003003677837503993	0.119196980993874
20	500	0.5	-71275290.867927	0.01979053864744096	0.0947379811074426	-71275272.4364991	0.018662631750801073	0.0947328429697574	0.004372010509022917	0.128537687210068
20	1000	1.2	-71240260.6520918	0.006947166286801032	0.0951582026972768	-71240255.3100892	0.006284495962703085	0.0951108948091989	0.0006413398910390944	0.12591873142262
20	1000	1.2	-71325030.1925625	0.0056969204772350235	0.0951091744902658	-71325027.8616721	0.005518070047915935	0.0951253482654503	0.0003835058290388993	0.119360865005493
20	1000	1.2	-71327408.9878226	0.009118574467981921	0.0952341920615127	-71327391.4297855	0.007151439632202994	0.0951369399901611	0.0016855113043829917	0.100010514957782
20	1000	1.2	-71322203.5965602	0.008406725115604918	0.0950724688535567	-71322201.2208596	0.007863949220442978	0.0950672433882801	0.0004984141671400266	0.100465595099312
20	1000	1.2	-71326971.0864463	0.007911535312476015	0.0950503641168205	-71326968.8744918	0.007156418869440073	0.0950622264646105	0.0007346157093609529	0.103766114943025
20	1000	1.2	-71314395.498897	0.005786128625204001	0.0952218027040733	-71314377.304706	0.005734417962498073	0.0952164696699496	0.0010056858770990384	0.118997079355368
20	1000	1.2	-71299725.8943862	0.0074152138175360705	0.0952354056910997	-71299721.410017	0.006322851593924095	0.0950865496144527	0.0007561030781850775	0.100150951835374
20	1000	1.2	-71324654.4964163	0.006008047742144029	0.0950554609275315	-71324655.4468738	0.005877885809736028	0.0951447207527354	1.2391943561063101e-05	0.104394406615906
20	1000	1.2	-71304014.9296957	0.008052493170723984	0.0951739947134696	-71304014.7956563	0.007758982364418965	0.0951795560106783	1.5418784876986003e-05	0.124187903782064
20	1000	1.2	-71266301.4638771	0.0061059501402550564	0.0951098157831525	-71266304.4666284	0.006282844615520977	0.0951406699902585	0.00022101247687988934	0.103497560803038
20	1000	1.2	-71260816.5140694	0.005932146317484954	0.0951116878854073	-71260816.8906156	0.006244132628875021	0.0951134815296506	4.437720212102647e-05	0.100057199127063
20	1000	1.2	-71316500.8167122	0.008798916749324093	0.0953449932941564	-71316480.2392805	0.006765326155681928	0.0953083499256039	0.001767463346759035	0.100467836598268
20	1000	1.2	-71335214.2861744	0.010900753221585013	0.0950376180658498	-71335164.5904725	0.008228459581138048	0.0950626076178539	0.001709239436495924	0.105791314882806
20	1000	1.2	-71281859.1428487	0.006677971485318013	0.0950736786479625	-71281849.9952386	0.006234911395840093	0.0950765627105428	0.0007325717137760535	0.1031245004662
20	1000	1.2	-71285382.2625502	0.008152193381545048	0.0951432630036515	-71285356.9542981	0.007687565963841014	0.0951635775753548	0.0012330183672590866	0.12222473401633
20	1000	1.2	-71346057.108857	0.008299879980840918	0.095200529367	-71346025.888486	0.007612977547261979	0.095181386280526	0.0014788657543399752	0.118286377499448
20	1000	1.2	-71307612.679756	0.007111248295355921	0.0952233678936472	-71307589.8473247	0.006605668774498086	0.0952068537461898	0.0009178711077769686	0.113707417774535
20	1000	1.2	-71299755.3806591	0.01578127527682005	0.0953167769161708	-71299730.0808235	0.013847120665818058	0.0953007828327724	0.001406503934543113	0.1126381383452
20	1000	1.2	-71331097.9036257	0.012101434154842994	0.0952342145216691	-71331083.8332641	0.010100704310200936	0.0952350479167251	0.00106125175252203	0.102691866753585
20	1000	1.2	-71300098.3204135	0.008978644737776986	0.09523468397913	-71300070.1401649	0.007935579627378009	0.0952265978993884	0.0014669471609370932	0.124271568996663
20	200	0.8	-71295566.5984218	0.01498160742020005	0.107359837211459	-71295551.4888283	0.01152434161613991	0.0905994880921012	0.010918912365496913	0.129918326449195
20	200	0.8	-71273915.406541	0.013739381502156922	0.0886724125290998	-71273905.8463852	0.012108084694737009	0.0887138431984875	0.0061239213707159346	0.129633605874705
20	200	0.8	-71240269.7784669	0.01498447523605495	0.0924276020324103	-71240269.3203084	0.013600839714642987	0.0923940384389949	0.0011158462207430109	0.104525344905815
20	200	0.8	-71268196.9077032	0.013021249239241084	0.0961598050502138	-71268196.9328997	0.013087358279263106	0.0962682037704489	0.001053516145856026	0.103221730633292
20	200	0.8	-71252697.8425483	0.0160578416058611	0.0931858536943972	-71252693.5032391	0.015464887837122965	0.0935281240699938	0.0037635620304991013	0.129890992325908
20	200	0.8	-71247218.021411	0.014618825714056927	0.0958172849961549	-71247216.5273814	0.008159602714757908	0.0802548155632555	0.00834499811462297	0.100410356167771
20	200	0.8	-71246944.8441711	0.01834717767927707	0.0951069647708109	-71246943.8110508	0.017041844431242903	0.0951162485885099	0.0014067432869571128	0.112072474156416
20	200	0.8	-71271293.9513704	0.017929739036242953	0.0948069884411656	-71271288.4914643	0.008406787282041916	0.0909524135669167	0.01162084025464194	0.101907175109478
20	200	0.8	-71284340.0329198	0.012565999515885107	0.0953577526042686	-71284330.6892031	0.00882356093160297	0.0951714608636211	0.007137793689461103	0.126522970332745
20	200	0.8	-71282848.6694555	0.015499637423980972	0.096165273153981	-71282837.472824	0.011999414693943944	0.0966691018397855	0.006611197692160897	0.122091785769895
20	200	0.8	-71235434.3668149	0.013708940724577956	0.095240354379023	-71235426.4114794	0.009155520436725073	0.0953557924605624	0.006127564074976943	0.111508267209008
20	200	0.8	-71317078.0270388	0.01284359024922399	0.0951193035866611	-71317078.6098981	0.006535840393819936	0.0724188875678155	0.009068628440279891	0.101227295263362
20	200	0.8	-71290529.5215341	0.017935545619102045	0.0934451893017955	-71290526.0056785	0.015791310371656042	0.0933382865586837	0.003742182982901965	0.118186113611297
20	200	0.8	-71275919.906873	0.012101339273282052	0.0966440466147345	-71275920.1141542	0.01172339285953894	0.0966928619459779	0.00012126062392092685	0.101483312529004
20	200	0.8	-71257472.338618	0.009885642445221943	0.094342389428003	-71257470.362184	0.006668519689019048	0.0940910253271604	0.005307535752620107	0.107329959962887
20	200	0.8	-71291997.1602732	0.017861500743260095	0.0945673051321747	-71291997.4812092	0.017629498427183976	0.0945655303501002	0.0007707498299800442	0.100134137302382
20	200	0.8	-71247778.4416553	0.014607501604114947	0.094974497402909	-71247778.5752767	0.014172143763138911	0.0948150547782568	0.0007134446356580337	0.110659223175472
20	200	0.8	-71249834.2561801	0.014514582912801943	0.101368014311777	-71249832.8216399	0.002012945124137966	0.0703114260668958	0.013331137661244052	0.101845729959459
20	200	0.8	-71241360.4727392	0.014382513083522008	0.0946964634359515	-71241360.5548314	0.013761512756756966	0.0945984901189268	0.0002622129158209585	0.124962519018382
20	200	0.8	-71220425.3943523	0.0137453327437429	0.0949132502279482	-71220424.1961947	0.011435530236376112	0.0948504178038416	0.0027485078714020172	0.12783433403064
