count	m	miss_m_f	lnl0	sel0	loc0	lnl1	sel1_0	loc1_0	sel1_1	loc1_1
20	0.2	2	-71255529.5852778	3.092767997259216e-08	0.129846276361424	-71255529.6493175	1.7293487198921653e-06	0.0939226116212217	6.968305968912958e-07	0.100246896219214
20	0.2	2	-71300841.4382712	2.19683264290893e-06	0.0925397529425516	-71300841.5240795	3.232510519035614e-06	0.0867605650754767	1.6012047399094342e-06	0.100022522039424
20	0.2	2	-71340328.8837888	1.4858494389313748e-06	0.129716028057838	-71340329.1396538	1.9928224238019432e-05	0.0954608529620477	6.771690303053468e-06	0.119258346500989
20	0.2	2	-71348987.2425489	1.095039531995301e-05	0.0955964683354964	-71348987.2676492	2.8641237229676264e-06	0.094104256619868	4.375800577105515e-06	0.100408726972004
20	0.2	2	-71274516.6746989	5.572090568950472e-07	0.0954115159786128	-71274516.901402	2.582489516012032e-06	0.0949235541493373	7.842188918028015e-06	0.101319608404966
20	0.2	2	-71304468.7622705	5.150274399179366e-07	0.1266845593821	-71304468.8967241	5.6213361240287085e-06	0.0863732761689005	8.286390000833421e-07	0.116942006173513
20	0.2	2	-71253001.148823	1.7172110590157885e-06	0.0749222217830714	-71253001.4698208	5.6613525790671915e-06	0.094658984271904	1.0302583115961994e-05	0.119733539436471
20	0.2	2	-71288707.5782571	0.0009024771469170467	0.0946826881891171	-71288707.8486566	0.0008577393208190065	0.0948142208311693	4.211894474392963e-05	0.101959094122671
20	0.2	2	-71298849.6624683	6.710310440638523e-07	0.0708099988134624	-71298849.7966411	2.1320929899371066e-07	0.099845271240059	8.865773462929383e-06	0.100802821179451
20	0.2	2	-71280734.3641891	1.890798437798047e-05	0.095256743222347	-71280734.3679524	2.46415967779523e-05	0.0952670992494941	5.425536508951723e-08	0.10129883688122
20	0.2	2	-71228889.5451384	1.1253493603646803e-07	0.0842971075087026	-71228889.554128	2.127714989752505e-07	0.099775269988656	1.9636164294567493e-07	0.101439348258382
20	0.2	2	-71301980.0482172	1.4858494389313748e-06	0.106955624411028	-71301980.1415472	3.4438633949029906e-06	0.0962982419936679	1.2979984999050842e-06	0.116710751794241
20	0.2	2	-71294477.9328412	7.569249220740204e-07	0.109773899626028	-71294478.2015183	1.263186172006936e-05	0.0966899286253912	4.396120020011551e-06	0.103364599564669
20	0.2	2	-71322788.8163402	1.4858494389313748e-06	0.0949561038316045	-71322788.961647	1.7042880410267358e-06	0.0911715085313313	4.817784620025911e-06	0.103536852820687
20	0.2	2	-71304946.3282583	2.0603125905349629e-07	0.0784203491580214	-71304946.7040437	5.843502600688666e-07	0.0715790843680555	1.216727391895045e-05	0.100778614999184
20	0.2	2	-71258261.7449595	2.0088954311159313e-07	0.0866307219581707	-71258262.1268992	1.1902699177057663e-05	0.0957127363657754	9.559392562086266e-06	0.100868553416945
20	0.2	2	-71273408.6369821	1.2658176590241155e-06	0.101068609772252	-71273408.764794	9.504608821986338e-06	0.0937223507835002	9.427594019895125e-07	0.109509262455233
20	0.2	2	-71237740.6831521	1.6265579694252352e-07	0.0987499349027067	-71237740.8713289	4.2345609241323245e-09	0.0926622882768856	7.026826164047151e-06	0.10341584023957
20	0.2	2	-71326575.3769921	1.4574586969517966e-06	0.0880251375631187	-71326575.5064297	3.338876255920553e-06	0.0934946058103841	4.986461356937255e-06	0.101846604080172
20	0.2	2	-71286408.461823	5.0660621031539677e-08	0.118147113368677	-71286408.761494	1.003056769599553e-05	0.0867522230772848	3.602476121078446e-06	0.107612229965704
20	0.1	2	-71211652.8031574	0.0024071463785620972	0.0958150749439919	-71211651.6034322	0.0020423238972629987	0.0950742419360684	0.00011100723606105589	0.100045650828348
20	0.1	2	-71243791.5505669	0.0014264486534040222	0.0951116408870083	-71243791.8395979	0.0008067135729160624	0.0951331938206332	0.00033715401243805676	0.100647536107458
20	0.1	2	-71174605.1911452	0.0008177945220029237	0.0954625679522956	-71174604.8956461	0.0009467984724810252	0.0951362473565283	3.223590276046906e-06	0.102232313538755
20	0.1	2	-71213626.3107049	0.0035630056999759185	0.0950907957134134	-71213626.5164601	0.003841158503016029	0.0951149836482806	8.926723642943557e-06	0.102143749401743
20	0.1	2	-71236733.3503354	0.003085700075119102	0.0953674999403253	-71236733.6478919	0.0033043927435839615	0.0953820638043171	1.6256417009197222e-06	0.121923684563515
20	0.1	2	-71190461.3289658	2.2763773610545712e-07	0.0864813067797205	-71190461.6010259	1.1107463161907916e-05	0.0800740391939705	4.406470177964472e-06	0.103376754150169
20	0.1	2	-71246909.2540387	0.0003064861290379417	0.0953095888068766	-71246909.4823376	3.2779224615975266e-05	0.0985360106956245	7.323441038931122e-06	0.111555191983248
20	0.1	2	-71234862.057778	0.0005861666377209307	0.0951884797449545	-71234861.9824809	0.0007515338993200338	0.0958936745118517	6.989321002071058e-06	0.100914635781625
20	0.1	2	-71197461.0387895	0.0034868922052170293	0.095109664353912	-71197461.5947907	0.0033002103970560803	0.0951393764872747	1.8856105198916673e-05	0.11058983358738
20	0.1	2	-71208099.1644327	0.0005859592449160012	0.0952132255478654	-71208098.8450708	0.0014015238605599167	0.0950861623832715	9.014777390126127e-07	0.125794993414926
20	0.1	2	-71233794.932697	0.0005346274808630813	0.0947927405783631	-71233795.0342348	0.00039250691269698823	0.0951426759745778	4.90783034989839e-07	0.118572830271804
20	0.1	2	-71219324.3135751	4.343909309689753e-05	0.0929441035625029	-71219323.9065472	0.000259459835535103	0.0948124425336472	3.2267278370357033e-06	0.129121482930363
20	0.1	2	-71213133.3808989	0.0006023707503639564	0.0937386571536923	-71213132.0170345	0.0011233292325000255	0.0947202292512581	2.470603442050745e-06	0.122877918672306
20	0.1	2	-71206439.1419255	0.002895810600155979	0.0951098096519762	-71206439.5484528	0.0028969251560829745	0.0950760429913351	2.2841626754921407e-05	0.101353986870109
20	0.1	2	-71190939.0475235	1.307090532498556e-05	0.0946511455554393	-71190939.3560181	2.7404474922998467e-05	0.0950183457250278	1.0802088896921802e-05	0.120943751676907
20	0.1	2	-71241662.0416403	0.0028653948441799137	0.0947569956585067	-71241664.330872	0.0023664392832819514	0.0947622047698613	0.0002555709199209	0.101080935837637
20	0.1	2	-71199174.5978712	0.0041469860263380065	0.0947585055479959	-71199175.4042094	0.0043284752413410565	0.0947621063822805	8.256616780211168e-05	0.100843061920456
20	0.1	2	-71242235.9961782	0.0018015812532160558	0.0934344846192695	-71242236.214939	0.001616512728881081	0.0948188877995395	2.3123905139033063e-05	0.100671442608428
20	0.1	2	-71225929.9330316	2.5765484958917284e-06	0.0846864939715595	-71225930.2505929	8.622419644055412e-06	0.0782456910531409	9.538058499902746e-06	0.123980621692099
20	0.1	2	-71175263.7719102	0.004211871119696009	0.0952572442737541	-71175263.8743054	0.004171006898243013	0.0951066975068178	4.431938356974641e-06	0.129348511170884
20	0.05	0.5	-71146498.3530764	0.016474556156194975	0.0957764052410938	-71146468.6193779	0.014467056638577946	0.0957643948904528	0.006977764626280081	0.113964175170055
20	0.05	0.5	-71186873.427979	0.012838799467555062	0.0951824970719616	-71186844.3186945	0.012409962374139938	0.0951694649037161	0.006740422485278952	0.129890168810062
20	0.05	0.5	-71159187.8208073	0.015817585970259063	0.095562259093976	-71159170.764729	0.014733959154041965	0.0955396092219065	0.005254225473240948	0.117798060902983
20	0.05	0.5	-71301543.4833606	0.018589314137174906	0.0953427139170749	-71301432.9756664	0.01492979834403707	0.0952176208932276	0.01082898250371711	0.115886369793024
20	0.05	0.5	-71201841.7104093	0.016075438769480033	0.094368013340409	-71201791.4422357	0.014187252173659903	0.0944256517529814	0.008601669777577037	0.121523167322893
20	0.05	0.5	-71135187.85984	0.013519994457475981	0.0946798907917402	-71135170.2686353	0.012983683703195026	0.0946987943848794	0.005549520714322909	0.124017623865163
20	0.05	0.5	-71125126.9392703	0.017627308102220907	0.0957044451820276	-71125079.377956	0.010103125424075987	0.0952029374148577	0.010124345556376091	0.10055307104485
20	0.05	0.5	-71221322.6792174	0.014769603677517895	0.0954212524651168	-71221269.563188	0.013191879130417972	0.0946493643783465	0.008208636614241094	0.128908922341238
20	0.05	0.5	-71173004.7594144	0.016629997421523046	0.0944336583247114	-71172976.4975645	0.014129742507842047	0.094125874614111	0.006206268121565106	0.109319660395251
20	0.05	0.5	-71123880.6592764	0.013108724728165044	0.0948870559776898	-71123865.7200525	0.012388741106055035	0.0947872249736136	0.0051216720901819945	0.129979103837805
20	0.05	0.5	-71136302.6917462	0.014437212255782095	0.0948661015066213	-71136255.77132	0.009578662945039063	0.0941707400111368	0.009096403659465069	0.104061480230277
20	0.05	0.5	-71221612.0108891	0.014847374678894965	0.0951885549171276	-71221603.3381348	0.013813845811384895	0.0951626096785653	0.00445262808544189	0.129637346892493
20	0.05	0.5	-71193184.7369928	0.013527522387362989	0.0931386447523562	-71193139.0088654	0.012115651092881041	0.0930821970452959	0.00803073134033705	0.129995186081099
20	0.05	0.5	-71211395.3179791	0.015462609772785019	0.0951631784004856	-71211383.4988207	0.011661896422961004	0.0919707972044779	0.007938760273838108	0.101496348155153
20	0.05	0.5	-71177387.9290851	0.014702728870200965	0.0949768080833208	-71177349.8716963	0.013174271021623052	0.0949600559061722	0.007494565062197034	0.115425097047614
20	0.05	0.5	-71224800.7559943	0.018162312409338965	0.0931294166920685	-71224763.3584641	0.013730586545504964	0.0926652547528544	0.008107212300160982	0.100922533982907
20	0.05	0.5	-71244977.4176109	0.014910765709294949	0.0953892834311117	-71244956.1800593	0.010713276936401006	0.0953576504819005	0.00762399091684296	0.107443065958829
20	0.05	0.5	-71193292.5491539	0.01465310021784294	0.0952974572333217	-71193283.8109996	0.01391040598654203	0.0953220933532685	0.004467952896758054	0.128712682332156
20	0.05	0.5	-71146830.1969251	0.011360112681495949	0.0926980632205016	-71146799.8738389	0.00979200126396107	0.0927190085298834	0.0073258798565168926	0.124369259587834
20	0.05	0.5	-71152331.3194937	0.016588685691138916	0.0948989443412141	-71152302.6563327	0.015327725002878045	0.0951530022814027	0.0064437070367801	0.127970905342608
20	0.05	2	-71200506.2617466	0.003906298012799958	0.0947635173649292	-71200507.0305042	0.004020188305219996	0.0946060626005723	3.063741017894639e-05	0.128108827219127
20	0.05	2	-71144582.4267894	0.0005824400967350263	0.0951298242706596	-71144582.6135258	0.00041808879097704477	0.097574238159263	4.215610636393308e-05	0.10077412897961
20	0.05	2	-71196503.8454266	1.1220791474975123e-05	0.0984529946162075	-71196503.7555901	0.00013192334719702714	0.0959213162544469	9.849274400508534e-07	0.10988464630872
20	0.05	2	-71196094.1935334	0.005086872122704089	0.095112465971937	-71196094.661783	0.004900342019982018	0.0951220691329988	3.134175743702006e-05	0.106951159678352
20	0.05	2	-71153933.2015161	7.179482076957733e-06	0.104221415503393	-71153933.2800162	7.216508863927551e-06	0.0790066839273645	4.109225136050831e-06	0.127032939191457
20	0.05	2	-71235303.3792306	0.006236432566582906	0.0951148971197079	-71235303.7164718	0.006058493964842038	0.0951336824724522	3.241874060400107e-05	0.103590150061162
20	0.05	2	-71211789.2532967	0.0032898256478149923	0.0954613459587099	-71211789.5850666	0.002632062222063025	0.0953882203536708	0.0001073341585369203	0.100708659885781
20	0.05	2	-71178718.912214	7.315442418942553e-06	0.11471687836487	-71178719.1003864	0.0001518534956000961	0.0957915383205253	1.7071111020894314e-05	0.101418943374373
20	0.05	2	-71166949.1234061	0.003445220665435955	0.0945937190039997	-71166949.6276053	0.0031360246781589884	0.0945346039161001	3.032926619994658e-05	0.10080201216721
20	0.05	2	-71212655.9195202	4.235676440922376e-06	0.129582214519187	-71212655.9910465	9.562399682083722e-06	0.0706123881815663	6.989612178043281e-06	0.101921453035465
20	0.05	2	-71214323.4179855	2.3915753449843535e-06	0.128703802413061	-71214323.4738236	3.7209780628932876e-06	0.0996751445951209	9.958178721958255e-06	0.101029535099233
20	0.05	2	-71136923.0832442	0.0028723216558430575	0.0934198952934837	-71136923.2116423	0.0034172861863230874	0.0933897792586765	1.371007265049684e-06	0.129817060575853
20	0.05	2	-71143100.78877	3.3063830349178147e-06	0.100771601658858	-71143101.161577	2.2204726599639457e-06	0.0959989036369756	2.2550326441939106e-05	0.108739702480581
20	0.05	2	-71173897.1878265	0.002632687102622988	0.0941885662013573	-71173895.149501	0.00209480283961605	0.0946792902154384	6.850996244001095e-05	0.105713761413918
20	0.05	2	-71228774.1871218	0.0035268272837580827	0.0951028424486431	-71228774.2078135	0.003323977872120021	0.0951149158933229	1.7820225984066518e-05	0.103374008656794
20	0.05	2	-71240567.5241177	0.0022268800624620777	0.0948604284357436	-71240567.3599326	0.00173271463407898	0.0945505323147793	8.959787861084756e-06	0.119616924600542
20	0.05	2	-71204757.2224855	2.4376165837058927e-05	0.0961485707751697	-71204757.363161	4.928966960915382e-06	0.0978412325382943	1.6620530104094478e-05	0.104273387349532
20	0.05	2	-71199336.7092494	0.0033768999645980013	0.0951028424486431	-71199337.086339	0.0034986835006211026	0.0952689229044222	8.76183092390903e-06	0.112180075698249
20	0.05	2	-71193945.2801585	0.0004229602497040075	0.0949898363905793	-71193945.4517399	0.00018032616325991402	0.0954383639073364	5.859504338956434e-06	0.11274442213253
20	0.05	2	-71174395.1064612	0.0006493362908550626	0.0952072594216369	-71174393.465327	0.001932877554897905	0.0947531569691644	2.06877316800691e-05	0.103627197632631
20	0.1	0.5	-71187662.724292	0.015032846364564922	0.094894201882551	-71187575.6807002	0.01305283670163504	0.0947426969076664	0.009021495004378988	0.125084822027952
20	0.1	0.5	-71251025.1421539	0.019367726830695986	0.0958408474492437	-71250974.9447664	0.016847764008221078	0.0956910650815563	0.006863340913681015	0.11856762186999
20	0.1	0.5	-71223096.8517054	0.016495408195781103	0.0947257076492032	-71223026.9558739	0.014722502340317911	0.0947342120615358	0.007911794488861035	0.129282605019244
20	0.1	0.5	-71260015.8224363	0.015341115664604943	0.094735672132321	-71260005.1509421	0.013896007077221051	0.0947443802176376	0.004294525704361951	0.123948823390937
20	0.1	0.5	-71137210.1591406	0.017642733793197918	0.0938197942566002	-71137126.7302891	0.015664827132640946	0.0938234659220577	0.008741048501757054	0.123338902694226
20	0.1	0.5	-71250848.6282494	0.0150215072410389	0.0952202618112223	-71250707.5891669	0.01293581972618496	0.0952332779918205	0.01024640637202101	0.126124678961604
20	0.1	0.5	-71234676.6180511	0.017562681234880917	0.0952316372697018	-71234610.4570296	0.015673941339734987	0.0952217894633522	0.007858959918038977	0.121364714018389
20	0.1	0.5	-71261238.1467164	0.015732266824720953	0.0944244132178732	-71261178.5928857	0.013872841396236901	0.094409240515675	0.007854862910577909	0.129657840234806
20	0.1	0.5	-71227305.9172274	0.015900975745518076	0.0950592842583187	-71227206.1799802	0.014031552582999929	0.0950604239493272	0.009517019618460965	0.122622692558721
20	0.1	0.5	-71229379.5659462	0.016367203122861107	0.0938265413013509	-71229348.3592366	0.015181597912195977	0.0938309605710343	0.006299793748644977	0.121584613829895
20	0.1	0.5	-71273971.4752064	0.01567600121641599	0.096436421145391	-71273903.8494944	0.009070206629858912	0.0818183587459207	0.012434394633556889	0.100931567315896
20	0.1	0.5	-71247237.1728156	0.017322278237340893	0.095840828200204	-71247147.0262815	0.01566703066948194	0.0952240767972691	0.008421836033865038	0.129832119711532
20	0.1	0.5	-71220586.3703127	0.014497736601036038	0.0949076867001075	-71220540.9427454	0.0112619196140189	0.0883064132885292	0.00769663270422194	0.105739175938993
20	0.1	0.5	-71205142.626454	0.017466050589159066	0.0956926757131333	-71205061.3959374	0.01491038474386397	0.0944647054833	0.008138730670517957	0.114139525203915
20	0.1	0.5	-71205434.8948773	0.016655921389943984	0.0947125287815094	-71205379.6597868	0.01584144245063801	0.0946931827822372	0.006441148327281931	0.129249624217167
20	0.1	0.5	-71248454.4605119	0.017507517721059962	0.0952337199170146	-71248383.9854523	0.01574236481024005	0.0952378667120276	0.007596178757857008	0.125590329063584
20	0.1	0.5	-71251509.5139356	0.01694557086796089	0.0956972978884078	-71251449.0770092	0.01467317555311709	0.0952344204650344	0.0077023434328180596	0.118262352914215
20	0.1	0.5	-71253003.3152371	0.015443085542262924	0.0925366777776578	-71252919.5071054	0.012918327754222081	0.0925479919893064	0.008267875276856906	0.11179318824923
20	0.1	0.5	-71250780.2697829	0.014476624406436045	0.0957716867726022	-71250739.4387002	0.013794893612394943	0.0957588480692283	0.006056587404423941	0.129124755045923
20	0.1	0.5	-71258528.5792078	0.01704153009356102	0.0958411642678278	-71258467.8257617	0.014455827059219106	0.0958437296153489	0.007657241969019957	0.117990512852111
20	0.4	0.8	-71403139.7168747	0.01731866457690101	0.0950345165509984	-71403118.3183154	0.015541352912517903	0.0952257512388537	0.0031857602817579878	0.129979496633418
20	0.4	0.8	-71313829.9814671	0.01709130453727603	0.0957049095606611	-71313742.963305	0.012419771729957896	0.095228308186037	0.0066379847111031065	0.125973573103994
20	0.4	0.8	-71381386.3506393	0.012054128736801895	0.0952168353434553	-71381375.4594296	0.0109510358809779	0.095126384402091	0.0025835679690379143	0.115562592055804
20	0.4	0.8	-71356717.4888463	0.010445121259842094	0.0952247390102906	-71356708.6015556	0.00955712837278	0.0952358306155472	0.002217833494480015	0.128845083978843
20	0.4	0.8	-71394858.2520369	0.01756694246305901	0.095775543761202	-71394827.0085713	0.013160278089064947	0.0949020753714058	0.004762262977860976	0.110067435102068
20	0.4	0.8	-71373967.2748091	0.011390916241736937	0.0951172959294732	-71373956.0935055	0.01069655869541597	0.0951763196088456	0.0020233747116579215	0.122341553689828
20	0.4	0.8	-71303296.1388712	0.011467708802060939	0.0944224050525322	-71303294.5012583	0.011517836977704032	0.0944125402029352	0.00062184164441903	0.11083056788782
20	0.4	0.8	-71366445.240158	0.016018349373375984	0.0957480361042322	-71366434.0319636	0.014674328207144982	0.095699937504739	0.002557271160940955	0.122958683969672
20	0.4	0.8	-71314202.4588007	0.013300459484922977	0.0949102239320866	-71314173.8508049	0.011748122790279036	0.0948428968745472	0.003674514280641028	0.129978561885878
20	0.4	0.8	-71341348.114914	0.018327400758182066	0.0956995174584374	-71341307.994782	0.015607975202283964	0.0956044850217761	0.004070556525780034	0.129152718790518
20	0.4	0.8	-71357770.1165365	0.014330332555719028	0.0958371639846654	-71357747.3610326	0.012102339597861111	0.0958524501602143	0.0032637091893770176	0.126670582690883
20	0.4	0.8	-71322350.1106302	0.017702087077576034	0.0944995189332091	-71322279.8525403	0.014510657948537009	0.0947105340294706	0.00598303486376095	0.128873565597699
20	0.4	0.8	-71387611.924578	0.012637457083141013	0.0952349263724154	-71387611.3385337	0.011964383114256072	0.0951531055724703	0.0006954411611199696	0.107146233651958
20	0.4	0.8	-71384742.7170594	0.014538679399561105	0.0947233850921861	-71384738.082643	0.01408099337379598	0.0947251978975749	0.0020536663115039433	0.106920651592422
20	0.4	0.8	-71294363.3869873	0.015630776303558913	0.0957734520720742	-71294324.5839062	0.012172991507160003	0.0957068796780664	0.0046133205470439975	0.111618680387521
20	0.4	0.8	-71353734.2141976	0.014851396943738937	0.0949650195719804	-71353710.5545669	0.01254440165786197	0.0950517489864527	0.0035236638258430153	0.119777963301816
20	0.4	0.8	-71414351.1778993	0.015641104899294933	0.0957756591238799	-71414318.4232755	0.013290396205174915	0.0957714742831277	0.003778932068600027	0.113554311549672
20	0.4	0.8	-71373440.3709097	0.011090110971282985	0.0955230233233314	-71373412.4490786	0.010143353596645088	0.0954789176046957	0.004069526192135964	0.12924694174979
20	0.4	0.8	-71360689.6413356	0.01410424410269795	0.094897334368474	-71360635.2180047	0.011935891254359898	0.0952328970513824	0.005178491897985027	0.128090011090266
20	0.4	0.8	-71388378.4052213	0.011207002234263075	0.0953453268276278	-71388341.9916143	0.009331489638162105	0.0951926630830402	0.004201821683340046	0.11678350861884
20	0.2	1.2	-71291691.0462235	0.006131177779739039	0.094761730501067	-71291691.598253	0.005988986266981966	0.094750484365345	7.635771136405012e-05	0.100431538485194
20	0.2	1.2	-71288500.1564042	0.008929271868281075	0.0946263767973351	-71288499.8140586	0.008398078862164038	0.0945866174800128	0.000626218198716999	0.101397300917346
20	0.2	1.2	-71253435.4502257	0.0056814316681989	0.0951750303755567	-71253435.8017516	0.005469331633043972	0.0951099017919208	0.0001451432963189836	0.100451795543754
20	0.2	1.2	-71291470.4923674	0.007060375123537965	0.0951895871344293	-71291471.0228119	0.0068614416944569045	0.0952767398777195	0.0002693182754420764	0.100026971994446
20	0.2	1.2	-71240577.4268687	0.0062785373147009604	0.0954490987558221	-71240577.6641561	0.006236182639856036	0.0951785431777108	0.0003675066711958941	0.100705875941858
20	0.2	1.2	-71266535.2549935	0.008500904153456945	0.0951045010194629	-71266536.1512339	0.008865166757103915	0.0951696135929335	3.9743508417955375e-05	0.121828235556528
20	0.2	1.2	-71288057.1597356	0.007009591934196924	0.0951087830816335	-71288057.856989	0.00711500707082402	0.0951328914544451	0.0004902498712628933	0.103896323460508
20	0.2	1.2	-71280065.25724	0.007477368012817953	0.0938915018521654	-71280064.1853102	0.00715583358849603	0.0939224217951725	0.0008238909353051049	0.115544539911548
20	0.2	1.2	-71325699.2513875	0.008482314371876964	0.095112833203539	-71325699.3526318	0.00841093960542405	0.09519920317398	0.0001927061948960862	0.117190234442067
20	0.2	1.2	-71258713.8657019	0.007929747924078967	0.0951605999296913	-71258711.9541041	0.007141104813339072	0.0950846214043014	0.0014155618445959028	0.100167173260826
20	0.2	1.2	-71291388.7262057	0.0048208976952209825	0.0952610897740821	-71291389.4582468	0.0053557592270800924	0.0958518081850567	2.6972358197929758e-05	0.110667477315978
20	0.2	1.2	-71299735.2023631	0.009925845453501059	0.0947314790102728	-71299735.5285746	0.009641927829618036	0.0945576716420801	0.0004677575188560823	0.100477133000026
20	0.2	1.2	-71312698.090351	0.005528490849964096	0.094785113591176	-71312698.7220235	0.005589989372261073	0.0948657783833591	0.0001400105270820129	0.102968838932728
20	0.2	1.2	-71279653.0837209	0.006244384090396071	0.0934287285562719	-71279654.110318	0.006667976508579976	0.0934296465540747	0.00010048532402195942	0.100925332562265
20	0.2	1.2	-71282784.3713733	0.006918006034397961	0.0950711577778373	-71282784.9934982	0.0067267686211230915	0.095148489543819	2.4148786850197723e-06	0.110333875236546
20	0.2	1.2	-71304554.2973118	0.006084929586802956	0.0947569182627737	-71304554.6055214	0.005699209645156911	0.0947346710605847	0.00043507992393998496	0.118356781058692
20	0.2	1.2	-71235133.2690193	0.005504031485323968	0.0952580197170238	-71235133.7386862	0.005699930427854993	0.0952669051819675	7.089934715598378e-05	0.100480661448781
20	0.2	1.2	-71247866.827106	0.005059729356303944	0.0952090346099349	-71247866.9770974	0.00446006040319602	0.0951316257925359	2.689698113500505e-05	0.100472528151457
20	0.2	1.2	-71322580.2348339	0.006594346420043973	0.094998535515548	-71322580.9067601	0.006262355731765035	0.0951532700426048	6.721451042401849e-05	0.102332721614923
20	0.2	1.2	-71261558.0482254	0.0050929658856641025	0.095103874287821	-71261558.623761	0.005396544963259031	0.095206516256397	1.5770723159613809e-06	0.129425512123723
20	0.1	1.2	-71224949.2405854	0.005761510077439969	0.0958076352789741	-71224948.7443043	0.005630926553163995	0.0954579080075284	0.0005697504528558994	0.116514341119825
20	0.1	1.2	-71288064.5803379	0.009808866599542054	0.0950696136199054	-71288065.21653	0.00958204983306099	0.0945897231474523	0.0008020681932410234	0.108478757990978
20	0.1	1.2	-71197789.9450782	0.005309356687961064	0.0949921729089829	-71197790.2357356	0.0051235503947169025	0.0949814053595168	2.61764003630649e-05	0.102874447750325
20	0.1	1.2	-71269353.3684709	0.006649886278202066	0.096719733353022	-71269352.8977071	0.006442163831141046	0.0966198885839627	5.1152496335027386e-05	0.10096766043414
20	0.1	1.2	-71285256.7593679	0.00814283768604096	0.0943988172309134	-71285256.2475273	0.007352403668723917	0.0944145525240158	0.00045251034899906895	0.100410743165601
20	0.1	1.2	-71251989.9983236	0.005958884101124995	0.0945258199024336	-71251988.7311332	0.005003804021654901	0.0946111389517721	0.0015389496926440094	0.100619126148145
20	0.1	1.2	-71241957.0955178	0.00877519444145991	0.0947544925912293	-71241957.7563487	0.008517174323120935	0.0947814496557898	0.00014936623824401973	0.10085505598963
20	0.1	1.2	-71251320.4869335	0.005828509294858897	0.0952231444835079	-71251320.942554	0.005689948061720074	0.0951491743373273	0.0001600906168209848	0.111909231570853
20	0.1	1.2	-71213681.7912254	0.007659408384617095	0.0955044417014784	-71213681.6471094	0.008206326699477962	0.0954533527804126	5.9224685177050596e-05	0.100351509211682
20	0.1	1.2	-71261037.6852872	0.00672883129957802	0.0951126788189807	-71261037.7990848	0.006638198789016059	0.095133556752355	1.4871679884009836e-05	0.102863674604949
20	0.1	1.2	-71259675.9349335	0.0057740471359361	0.0951405306381596	-71259676.1850758	0.005407394463662896	0.0951264435240557	6.842253841998769e-05	0.104123901995382
20	0.1	1.2	-71234784.4558506	0.00988155298651705	0.0941456164733298	-71234783.8095052	0.00972443103041909	0.0941595049761582	0.0010065442366979926	0.11176045037956
20	0.1	1.2	-71270397.4987468	0.005520417437055114	0.0951115358253194	-71270398.5936665	0.005714421373337997	0.0952057625925807	0.000649951659862924	0.126319609666697
20	0.1	1.2	-71261217.4663782	0.006721907524917969	0.0939092450890916	-71261216.2668815	0.006110470108260935	0.0938733310290139	0.000759111013243996	0.101372193250373
20	0.1	1.2	-71167971.9824572	0.005314161682280938	0.0951212826664817	-71167972.4017894	0.005303783064698919	0.0951278554258227	3.108801835605135e-05	0.11640969292326
20	0.1	1.2	-71279264.0836435	0.007692496008042005	0.0952718841893212	-71279264.4263063	0.0076705213987791065	0.0953426248699975	8.327425142495848e-05	0.128435503345643
20	0.1	1.2	-71271155.8033152	0.006867787072800002	0.0949686649622071	-71271156.5720458	0.007017052370781984	0.0949522604467285	0.00010851585035809297	0.103073598610422
20	0.1	1.2	-71246979.2676416	0.004177958558976069	0.0951393545758794	-71246979.3357845	0.004290378297338915	0.095150815271961	8.539621810799147e-07	0.111717628850131
20	0.1	1.2	-71214421.2853181	0.004961789752701895	0.0952734809991229	-71214421.4350114	0.004953146445103029	0.0949142715920036	0.0004086138431430575	0.105480640293722
20	0.1	1.2	-71245079.7462259	0.007653673649576032	0.0951079047251382	-71245079.8318664	0.007664421039179081	0.0951145990490097	6.400558782981847e-06	0.10085663726935
20	0.4	0.5	-71425483.6221225	0.04080187779964206	0.0957055575118297	-71425410.7088206	0.024986026581275023	0.094909020302322	0.00802963925074096	0.129249471827146
20	0.4	0.5	-71351972.621831	0.03609338571908294	0.0957026569993246	-71351886.4561993	0.023059605652782977	0.094362802140485	0.008613499113399925	0.122181604516617
20	0.4	0.5	-71337815.6146541	0.027287727881701085	0.0957057452347704	-71337648.9668494	0.018381129600456902	0.095696703030581	0.010689507425441058	0.122940499072996
20	0.4	0.5	-71385476.1516701	0.032531453809399924	0.0957048739632649	-71385294.5366902	0.02034305449944207	0.0950435335441452	0.01164383504502109	0.129360375379449
20	0.4	0.5	-71260734.0068724	0.03737479477085803	0.0957038603115862	-71260695.588912	0.02346307259833791	0.0944262707113237	0.007871693496015908	0.118010577469243
20	0.4	0.5	-71324489.5085551	0.02489295902048494	0.095706011382924	-71324379.1975376	0.02021950856454391	0.0957038773563841	0.008097176870815015	0.129738156377153
20	0.4	0.5	-71359288.1701025	0.027431632724722044	0.0957045289338426	-71359187.7178007	0.02147006382928196	0.0949103423282531	0.007262432220462078	0.12794838021174
20	0.4	0.5	-71367895.9974678	0.044418814435039033	0.0957040808391859	-71367837.9024706	0.029754573141565044	0.0957049774629762	0.006654589125263954	0.129258963575875
20	0.4	0.5	-71355938.6871538	0.025886061234036917	0.0943661226986015	-71355806.8372136	0.01834949210291692	0.0944159744818873	0.009054316571615928	0.123147431241195
20	0.4	0.5	-71397451.7756501	0.04878388075488094	0.0957056464252983	-71397398.2254052	0.02942135209179697	0.0949084427288458	0.008373420782978092	0.129966282324763
20	0.4	0.5	-71360992.290903	0.028541877530397053	0.0957049635692999	-71360916.4450719	0.021488404489745094	0.0953469092677212	0.006598296098757062	0.128062321433935
20	0.4	0.5	-71395586.7165941	0.02420326609136203	0.104103910610136	-71395355.966974	0.011359586734742022	0.0712684137861205	0.01563335485378292	0.104186702758844
20	0.4	0.5	-71343085.463294	0.02790370722485591	0.0953456425631412	-71342989.2884797	0.021495703767600016	0.0952311042834983	0.007444821469965057	0.129869062681466
20	0.4	0.5	-71363390.4051728	0.027554111451918994	0.0947198604116331	-71363260.9851569	0.019649009631898973	0.0947163917298494	0.0094794435425829	0.118167851576963
20	0.4	0.5	-71399444.80948	0.030076171965696008	0.0943641959711184	-71399338.6489646	0.02095215168643705	0.0943567114176732	0.008338460717938978	0.122272447786032
20	0.4	0.5	-71330792.3568296	0.024827367991461013	0.0957067591898411	-71330568.370876	0.015269574110096995	0.0952313962479794	0.012005079751824077	0.118103427593157
20	0.4	0.5	-71344411.348087	0.03547179391425992	0.0949103166429447	-71344327.3337827	0.02351588655644099	0.094719412811021	0.00726399927044008	0.124254762327928
20	0.4	0.5	-71360010.2385914	0.04031635883435891	0.0938263989624516	-71359870.9550699	0.014961449516941006	0.0710332694704069	0.01772939245403904	0.100873823997107
20	0.4	0.5	-71310141.0490909	0.026089112342115972	0.0957049697560435	-71309981.2826274	0.01219083095781992	0.0746543528063452	0.015082016428136114	0.10165663707289
20	0.4	0.5	-71351884.3024844	0.029418813645279096	0.0943648898144435	-71351748.9118103	0.021197751078635085	0.0943660203979018	0.008165024315178071	0.129993247558559
20	0.2	0.8	-71245926.39113	0.015296978216181922	0.0943531006251993	-71245904.5945245	0.011931205392337052	0.0941183447141391	0.0041963825230391105	0.105661663713001
20	0.2	0.8	-71276350.5938723	0.011728172108556034	0.0954132736583884	-71276338.8209104	0.01140447733736305	0.0952305504133999	0.0026894534631181077	0.125500758043048
20	0.2	0.8	-71296894.90177	0.0126755519699151	0.0949757496481648	-71296871.9785099	0.011075618444534974	0.0950414899260758	0.00417246160091711	0.11796670655181
20	0.2	0.8	-71264895.9695738	0.011404899035379001	0.0952351653043466	-71264875.9283627	0.0073877448249569655	0.0939217582406493	0.005471187173503922	0.10043314271061
20	0.2	0.8	-71255570.2418	0.009496205691598036	0.0952401906292973	-71255570.7662572	0.009003755171662076	0.0952286328075164	0.0006003162336380985	0.102410370705489
20	0.2	0.8	-71229723.0180991	0.013731372404241937	0.0953315742419724	-71229695.7401087	0.009384785086457015	0.0952535609309371	0.005506704724938083	0.100028024981277
20	0.2	0.8	-71296110.890741	0.008955807915501102	0.0946288234982001	-71296110.6853145	0.0087961729811179	0.094405475860536	0.0003031552265750914	0.100546281696561
20	0.2	0.8	-71306876.2620274	0.011381884327025027	0.0950996720140846	-71306876.5975663	0.011259945006444005	0.0950090752168118	0.00028789816339791496	0.101113971556606
20	0.2	0.8	-71278851.3744601	0.013644581127958078	0.0948818525853221	-71278836.5135522	0.01179734937537491	0.0949034228262672	0.003352706775454961	0.105737520025337
20	0.2	0.8	-71292879.1460736	0.0120690698141801	0.0952282239934612	-71292843.294578	0.009116363105801106	0.0952176973604741	0.004792301726738057	0.107443002400555
20	0.2	0.8	-71296185.3880793	0.01131316301651708	0.0958184564799233	-71296175.6752238	0.009519481107257977	0.0957119245128903	0.0026062353442211084	0.10710959264431
20	0.2	0.8	-71383219.7918311	0.014221730866081028	0.094909579486756	-71383178.3359143	0.013048011177457908	0.0948967750548588	0.004642945781601071	0.129680945911023
20	0.2	0.8	-71213824.9486879	0.010242898659734934	0.0950539935926777	-71213798.3518042	0.008529642011762983	0.0949983737889905	0.0035597224395599314	0.107693176867066
20	0.2	0.8	-71300111.2838664	0.013383145468336077	0.0944006133596573	-71300095.4329901	0.010962164605282099	0.093924875366795	0.003438783762596098	0.103500540561201
20	0.2	0.8	-71254214.0460458	0.010887565018303014	0.0957656432439485	-71254195.9358808	0.008270115013477075	0.0944106087806623	0.004105109547022923	0.10626177286573
20	0.2	0.8	-71303670.7439204	0.011978294121521071	0.0950838948394265	-71303659.3766132	0.008609790830139907	0.0896019170430402	0.005528777734383983	0.100089974750932
20	0.2	0.8	-71241042.5539158	0.01052092735173693	0.0953133215700241	-71241009.603107	0.009129172022423027	0.0951409495577816	0.004316718648594953	0.119034235693446
20	0.2	0.8	-71217650.0390726	0.011659750546719083	0.095435829369982	-71217642.6742031	0.011102769467023044	0.0953882223596629	0.0018906207750600812	0.121657808917799
20	0.2	0.8	-71289956.0356464	0.01436109898931992	0.0952312243154637	-71289940.7936581	0.012992688425763066	0.0952090736206523	0.0025846240446190105	0.12166938565907
20	0.2	0.8	-71251900.3969685	0.011203385800424015	0.094704422136338	-71251877.3740426	0.010208116538096057	0.0945929921161718	0.0039192676659229875	0.121507346430869
20	0.4	2	-71340984.4316074	3.757910590485025e-07	0.0903289502755474	-71340984.5688854	1.5803020003701818e-09	0.0709761795119965	2.596792257891778e-06	0.102771285913691
20	0.4	2	-71431322.7573089	2.8077806191184607e-07	0.0748286619076403	-71431322.7997151	8.735242360558004e-07	0.0777258674808043	7.368089904868924e-08	0.108354471849966
20	0.4	2	-71349017.2030568	1.6830026094982742e-07	0.0903852518386139	-71349017.4017401	7.850174019718992e-07	0.0976791756048443	2.5518444181082955e-06	0.123424049368424
20	0.4	2	-71289460.951265	6.600187796301782e-08	0.0712150977605154	-71289461.0527612	1.0219128621091755e-06	0.0993817748791792	5.965223199844161e-07	0.121321493202565
20	0.4	2	-71300716.2593607	3.909283179392986e-07	0.129851777939523	-71300716.3637314	1.3391460009781753e-06	0.0990906522170655	9.93323659104206e-07	0.123370588940959
20	0.4	2	-71405094.5703278	4.2283513690399843e-07	0.0731286751889328	-71405094.7886552	1.4993256970408098e-06	0.0986067718584915	2.6994768029808824e-06	0.104462321896409
20	0.4	2	-71399984.5405434	1.066316957065716e-06	0.0711088306774507	-71399984.6263386	2.2001503010571355e-06	0.0721702480735009	1.7448768496741707e-07	0.128253644688215
20	0.4	2	-71405804.7862726	3.4773662294096397e-07	0.0841929033105211	-71405804.9928987	3.25584455607153e-06	0.0735711135362192	3.642012409432738e-07	0.100006105974831
20	0.4	2	-71370515.6158096	4.2283513690399843e-07	0.0731286751889328	-71370515.844729	3.843252304958078e-06	0.0951175654566554	1.1164633779703337e-06	0.129671853421569
20	0.4	2	-71418904.1360491	4.1826354091334395e-07	0.0784461180132461	-71418904.176248	7.989589039247846e-07	0.0990349128273161	5.377099770997873e-07	0.100092443880587
20	0.4	2	-71336251.8948622	4.96230558866273e-08	0.0815267713542722	-71336252.2974646	3.278899356029541e-06	0.0856246054142838	2.923964822043601e-06	0.129688250626006
20	0.4	2	-71382062.917357	6.600187796301782e-08	0.0712150977605154	-71382062.9630739	9.544558791096946e-07	0.0857417664665989	7.839041593626916e-08	0.100563964308486
20	0.4	2	-71438508.3320846	1.4233560008403146e-07	0.073553579728042	-71438508.4660511	1.113021096066369e-06	0.0856344925905162	1.3992145019292579e-06	0.117828037048935
20	0.4	2	-71375296.5765887	3.757910590485025e-07	0.0849295879932074	-71375296.6760757	1.6210452229437067e-06	0.0721241320715507	6.01877810924023e-08	0.108595545717982
20	0.4	2	-71394444.588867	1.4233560008403146e-07	0.073553579728042	-71394444.7646255	3.3907347180006653e-06	0.0991319875752064	2.5279774207298544e-07	0.114960063096358
20	0.4	2	-71362952.6872805	3.6689860294369936e-07	0.0754021742444562	-71362952.781731	4.850293771063718e-07	0.0980761085627205	1.7746919600547528e-06	0.104502460842037
20	0.4	2	-71393121.0007683	3.4773662294096397e-07	0.0841929033105211	-71393121.1200076	8.437195779809059e-07	0.0983994319599638	1.5654878821047546e-06	0.100269551368388
20	0.4	2	-71340634.4527824	1.4233560008403146e-07	0.073553579728042	-71340634.6088484	3.394694502056872e-06	0.0988831242199804	8.768271908543568e-08	0.123788463357822
20	0.4	2	-71381189.4154213	9.75299995986667e-07	0.107100807707815	-71381189.7997834	4.600961143075288e-06	0.0701930605244552	1.8590229590165208e-06	0.126691318311097
20	0.4	2	-71411882.2951103	4.2283513690399843e-07	0.0731286751889328	-71411882.4113171	1.5303085829643237e-06	0.0711705145380603	7.564046639041422e-07	0.100840317245885
20	0.05	0.8	-71191930.0581926	0.008682022192822991	0.093798936366816	-71191921.2334456	0.008499259748343091	0.0936859549549875	0.004171377456044012	0.129972044799758
20	0.05	0.8	-71215464.1357424	0.010261305186819003	0.0951755486778484	-71215425.7540331	0.00874591236494393	0.0951127387363307	0.0071935452416239665	0.117228776285006
20	0.05	0.8	-71166026.0123546	0.009246255815204107	0.0936313127529232	-71166008.9204402	0.007633701121036007	0.0936364432127834	0.0044439745873618985	0.115159207158883
20	0.05	0.8	-71205022.9624555	0.011222571627405031	0.0945455705901886	-71205021.0320228	0.01073283595642105	0.0945615417819015	0.001417904785578905	0.107230751206855
20	0.05	0.8	-71093662.9858842	0.012431272734142018	0.09402423920637	-71093661.6183297	0.011525824151940922	0.0940143810717332	0.0010327798704570235	0.106744072540025
20	0.05	0.8	-71221421.2626769	0.009068047381835975	0.0976312680894214	-71221415.3756222	0.008618711680236979	0.0975367455273186	0.0022204772774840897	0.129698025727693
20	0.05	0.8	-71151807.9825564	0.010519172661001108	0.0953540025203175	-71151795.6212216	0.007108049627582935	0.0949036468034906	0.006132726115258946	0.102680238009817
20	0.05	0.8	-71232488.0862484	0.009706864686596095	0.0952272503322111	-71232475.978824	0.0080352711366799	0.0951496143835985	0.004095270183764099	0.108765026421306
20	0.05	0.8	-71200560.9589887	0.011611043761365014	0.0952400817467568	-71200520.1254257	0.010275767064499952	0.0952308563520861	0.007128472056282087	0.128922853391834
20	0.05	0.8	-71204816.9692152	0.013759435414436916	0.0942748972328244	-71204740.175624	0.012261936146139907	0.094282680095434	0.008852324244697063	0.129876176822437
20	0.05	0.8	-71252509.7937084	0.012796076672256906	0.0957020720342704	-71252487.8856615	0.01005721846062202	0.0857095078263573	0.007837880221219895	0.100986361087172
20	0.05	0.8	-71197077.4961413	0.009744979222135908	0.094747686853248	-71197073.1028488	0.008564226572024047	0.0948111225819619	0.002244003110058901	0.107993230155766
20	0.05	0.8	-71201616.6240643	0.011477819408520995	0.0951705450987745	-71201617.0493221	0.01150907850300098	0.0951529590407751	8.741300498105176e-05	0.116602895250768
20	0.05	0.8	-71187940.1623142	0.011798589949717941	0.0951207377278176	-71187939.9092182	0.011136544594481101	0.0951476156017661	0.001056989744197101	0.101195739066146
20	0.05	0.8	-71186028.2143076	0.007509220559477892	0.0966804325835061	-71186026.9710467	0.005856216186182039	0.0965473830532606	0.003209115397299067	0.102691318571625
20	0.05	0.8	-71230467.1082429	0.00761727429777892	0.0947513789998252	-71230466.2742865	0.007262419293057043	0.0947369524583779	0.0010932051614609417	0.123543532905982
20	0.05	0.8	-71179427.7111318	0.008825188796221961	0.0946160349691226	-71179415.3211285	0.00826559407232097	0.0946185983237905	0.004392522079204042	0.123507026550672
20	0.05	0.8	-71247234.510977	0.010034050091778046	0.0947188892322186	-71247230.623309	0.007031498761961075	0.0945737255713417	0.0045076720113220725	0.10562933787055
20	0.05	0.8	-71199853.1437151	0.014916547189396945	0.0944318094888092	-71199840.5407911	0.012437365674261014	0.0944088495646046	0.004929055057425025	0.102869334588462
20	0.05	0.8	-71177492.7004389	0.006726008629279967	0.0951156645153898	-71177491.64155	0.0060133681383250925	0.0946774417350626	0.0016105510704569337	0.101221940625078
20	0.05	1.2	-71181305.4577165	0.005611786117502016	0.0980935507527506	-71181305.5728572	0.005682751774121031	0.0980540110092449	7.558476456104302e-05	0.129822649334009
20	0.05	1.2	-71181486.5308255	0.008620866242762926	0.0951230423799973	-71181484.4787617	0.005656742670296033	0.0932454014757484	0.003958818513420059	0.100105805624227
20	0.05	1.2	-71223640.5753733	0.00011366229588405385	0.0926987711153455	-71223640.9477078	0.00045500037512202773	0.0849952136423809	4.763942796914833e-06	0.102064082625146
20	0.05	1.2	-71169890.7107677	0.0041781677808419015	0.0952749510978917	-71169890.9212161	0.004013441647296001	0.0953827489262788	8.461493181899371e-06	0.114166438389187
20	0.05	1.2	-71201936.9113032	0.006803967138696909	0.0953624905415234	-71201937.1402668	0.007102374419958091	0.0954476577079499	3.270744177696905e-05	0.122477993279756
20	0.05	1.2	-71136536.0690777	0.009137665288823982	0.0939575406586722	-71136534.7690863	0.008786056158462952	0.0939673172776484	0.001404189647245091	0.102106677002016
20	0.05	1.2	-71235231.8060032	0.005629375273461079	0.0955687617647532	-71235229.5133849	0.0046423510148569935	0.0955641682975693	0.0018173937315970612	0.103298920125292
20	0.05	1.2	-71172963.0213635	0.00878868924353704	0.0976096169463713	-71172963.8201663	0.008847699766956096	0.097567931304916	0.00047090070615996016	0.128820966190909
20	0.05	1.2	-71236352.7076019	0.004579810320263	0.110471757533015	-71236350.3678472	0.002359627204622017	0.0996805873312061	0.0030580091941379006	0.110490070279232
20	0.05	1.2	-71173792.9505806	0.009076829366038042	0.0947779630665946	-71173793.3317491	0.00892845063092107	0.0948107596838457	5.4579930544029764e-05	0.110126543888044
20	0.05	1.2	-71238202.9105017	0.008009900067534992	0.0951662418245578	-71238202.8898745	0.00830628244855891	0.0950647477571265	8.237201826311047e-05	0.108743653462596
20	0.05	1.2	-71206124.4678846	0.0072089234041230466	0.0945855303116295	-71206125.952634	0.007770941061017056	0.0947882317353268	5.204461142505057e-05	0.1006907442584
20	0.05	1.2	-71222508.0173738	0.010920069185819892	0.0980300236766056	-71222508.6000877	0.007347812307843982	0.0952030109303144	0.005258265931716077	0.100821063974206
20	0.05	1.2	-71228314.7923374	0.006941906275604093	0.0919967849481377	-71228314.1375536	0.006794600093577907	0.0919464703002044	0.0009108328947040611	0.120730578746378
20	0.05	1.2	-71290724.7127474	0.00958888553488102	0.0951035398513505	-71290724.9139732	0.009678555293881952	0.0951326218401098	0.00022946686929703475	0.112516343588995
20	0.05	1.2	-71218966.9120964	0.00444263118273891	0.0951142950115626	-71218966.9559006	0.0034464653832229075	0.0952055832993293	0.0005861545021570436	0.111589222899508
20	0.05	1.2	-71196741.532666	0.008138447453075015	0.0950709722518037	-71196741.7648908	0.008296773293318016	0.0950771334206442	3.1608192620047326e-05	0.12176582240547
20	0.05	1.2	-71291794.9483814	0.004254145660918085	0.095128215830066	-71291795.0702886	0.004559720066662054	0.0951369544740323	2.154682507904404e-05	0.100718922444023
20	0.05	1.2	-71226809.1005379	0.006814045609701891	0.0951323773085142	-71226810.077321	0.005968965386338954	0.0951680612251475	0.00013972517916305272	0.106426455302364
20	0.05	1.2	-71175864.6580262	1.1220791474975123e-05	0.10045244995002	-71175864.7096812	1.8030831641091538e-06	0.0997320556364566	2.0109489196062924e-05	0.112228304401889
20	0.2	0.5	-71288865.103916	0.020783388330055996	0.0950428866910357	-71288751.3522321	0.017258843009301028	0.0950946292698611	0.00830801126803793	0.121032398727018
20	0.2	0.5	-71309763.0945449	0.016413366007603902	0.0947217333468285	-71309700.9511399	0.015019902309599042	0.0949146447452742	0.0067145240128358985	0.129566132951122
20	0.2	0.5	-71303492.4389542	0.02335143127989603	0.0957760528444457	-71303366.8190053	0.01924622034581902	0.0957734769842008	0.008507338403257902	0.129346572607155
20	0.2	0.5	-71280056.1457808	0.019002550092115933	0.0958381810985259	-71279972.272194	0.016875969970280957	0.0958293675073012	0.007507487016957026	0.129290152524775
20	0.2	0.5	-71278529.8527933	0.020223467652278004	0.0956988658631321	-71278460.7132259	0.018651478147495015	0.0956950562026671	0.006716866688477041	0.129958956612566
20	0.2	0.5	-71326441.7598647	0.018484591108518966	0.0949235287073828	-71326319.6337362	0.01527558675749996	0.0949244577421182	0.008462414253023076	0.114935854667522
20	0.2	0.5	-71362502.1127595	0.01814305267581695	0.0957744760535979	-71362462.3269511	0.011287862454959052	0.0943687960757886	0.008727564573763003	0.100439667336555
20	0.2	0.5	-71338726.0747473	0.020169555258861993	0.0958392506887986	-71338641.4726456	0.01819435401490399	0.0957725254953167	0.007167085824498987	0.129873854756933
20	0.2	0.5	-71273122.305374	0.016544846920018008	0.095234928849718	-71273030.1162075	0.014053059864437056	0.0952384508485064	0.0074706397416630654	0.125596293252289
20	0.2	0.5	-71293507.6285372	0.020469201928385083	0.0943659876740205	-71293416.0041064	0.016529639574583088	0.0923195336271051	0.007722120778516972	0.108256868048568
20	0.2	0.5	-71310561.6503006	0.02120917378715903	0.0955245671513494	-71310439.3980831	0.016554777658101982	0.09523110253252	0.008778943345455925	0.118176717292577
20	0.2	0.5	-71240575.6471907	0.019510432350217988	0.0943665044841744	-71240498.5253284	0.016001388202803946	0.0944903738013063	0.006591970072760023	0.109326295336883
20	0.2	0.5	-71284153.8868202	0.020223065017722086	0.0943678150895987	-71284127.8201358	0.015097739809699084	0.0936317586291142	0.005515927921960095	0.102098246810131
20	0.2	0.5	-71284552.4285872	0.017604202948497072	0.0953471102545138	-71284488.0958055	0.015116959536564	0.0952376832288511	0.00634816200959698	0.123982636264659
20	0.2	0.5	-71206105.3089808	0.017280597441759027	0.0952353538216823	-71206063.0616549	0.014593327357378949	0.0951850588293431	0.005782593253100932	0.119894510983017
20	0.2	0.5	-71204242.2970643	0.016728708999958042	0.0957702953073069	-71204195.5661446	0.014002467512236105	0.0956719981951909	0.0054761475589369946	0.116382288572734
20	0.2	0.5	-71256258.9512329	0.027502257973460065	0.0943644695339722	-71256209.7766694	0.023573175762260035	0.0943633915340326	0.005600660815221037	0.112698273406916
20	0.2	0.5	-71295062.3726655	0.0218847187658171	0.0943658833833627	-71295018.9794747	0.01766888059570093	0.0941817432292124	0.005858749765958904	0.110246293629168
20	0.2	0.5	-71293663.2533122	0.02272250265557707	0.0941289567600501	-71293567.3417187	0.01959076106372204	0.0941265368510824	0.007895919735622092	0.126802879147424
20	0.2	0.5	-71255463.6137946	0.01803316353391804	0.0947224008741784	-71255432.8456023	0.01678101111431607	0.0947215800470719	0.004976010424037947	0.121199280542121
20	0.4	1.2	-71331347.8439691	0.005374432282404973	0.095130900176514	-71331348.3740923	0.005632663228195112	0.0951178499924626	0.00010853603918004051	0.105339005776724
20	0.4	1.2	-71388199.4316705	0.002093014849238961	0.0951751108705107	-71388199.3776786	0.0019301056916040116	0.0951405239163122	2.829812521976116e-06	0.102342327914615
20	0.4	1.2	-71357206.0766619	0.0050373336150570935	0.0950721145035645	-71357206.0082058	0.005081147906363048	0.0952633850973616	5.435680440979418e-06	0.101185527906999
20	0.4	1.2	-71347660.4738975	0.004817050006377999	0.0952746000940607	-71347660.4413746	0.0044767149373389215	0.0952599698573461	1.140150624023839e-06	0.100480607975115
20	0.4	1.2	-71357442.5888896	0.0060302313991209555	0.0945702727709824	-71357442.5800853	0.00612856416496399	0.0945500276588815	0.0001455829874589254	0.101280858482772
20	0.4	1.2	-71388720.5138816	0.005246855309004039	0.0960854717205212	-71388721.2148882	0.005684123860775991	0.0959239552834128	2.8684429010938928e-06	0.102424733978138
20	0.4	1.2	-71364034.4529124	0.004626275522442991	0.0953831088902183	-71364034.9803291	0.004244660063835948	0.0954655301276759	0.0002952640498750103	0.100227647231532
20	0.4	1.2	-71365797.4319502	0.0060043958447429935	0.0949489448923982	-71365795.5590188	0.005485689132442073	0.0948570901230996	0.0008877708401439088	0.110504725579797
20	0.4	1.2	-71321628.6932012	0.003661749089576949	0.0965620640092204	-71321629.2840989	0.0034594035804040857	0.0966137268645031	2.9102479204956566e-05	0.114418508124109
20	0.4	1.2	-71343418.4265014	0.0025559098209789743	0.094754794136606	-71343419.4438218	0.002620537013298896	0.0948190339031685	0.00014831259312109157	0.119659276324516
20	0.4	1.2	-71321980.6758458	0.004426787811836919	0.094609003731662	-71321980.9506837	0.004369417251774976	0.0945802734456653	1.778579516209522e-05	0.103292186796889
20	0.4	1.2	-71351681.971542	0.004385699935704035	0.0951782775622994	-71351682.1296193	0.004836941774994941	0.0951855053052525	0.00020334184647896603	0.100383709499151
20	0.4	1.2	-71353199.602686	0.005714792806495894	0.0949744141963228	-71353199.4881878	0.005159706548218956	0.0950027593531429	0.000467015998677045	0.100886012700773
20	0.4	1.2	-71387767.436934	0.003483630590494946	0.0952566500118481	-71387768.2885518	0.003270239389221108	0.0951769005824256	9.573954615793578e-05	0.100799619273273
20	0.4	1.2	-71284606.5884796	0.002849316632238974	0.0950737363831511	-71284606.7914695	0.003104695020680004	0.0951086663046279	7.131053715969671e-06	0.101225934666897
20	0.4	1.2	-71377482.0449308	0.005095720662222969	0.0951837130673878	-71377482.4556672	0.005247310480377965	0.0951510962187875	8.527184335704874e-05	0.107397226403575
20	0.4	1.2	-71332054.9479892	0.005045723592020046	0.0951179238381601	-71332055.3707844	0.005215414675476926	0.0951524003846204	8.527184335704874e-05	0.102302441531403
20	0.4	1.2	-71385862.6155764	0.005179658470614967	0.0945871586991131	-71385862.8235534	0.004854721428778075	0.0946059764661149	2.9222898879965875e-05	0.102266594665286
20	0.4	1.2	-71391910.3339863	0.007318285413476011	0.095370751478055	-71391910.3310548	0.006961601827281005	0.0952628774092378	0.0005802983434629594	0.105573851718331
20	0.4	1.2	-71374160.6551612	0.004638417458896926	0.0947730161172254	-71374161.2410075	0.004774666066220901	0.0947783075543706	4.73651611969661e-05	0.107791652837818
20	0.1	0.8	-71204961.8715281	0.009990253349077105	0.0950585786321524	-71204950.433094	0.009189980788923968	0.0860525196023974	0.00434891060948106	0.103646052725739
20	0.1	0.8	-71237454.8333769	0.00903078167953797	0.095196828608069	-71237450.7302555	0.008689416924982929	0.095231761016742	0.0015471446462839156	0.121488077376171
20	0.1	0.8	-71202150.5315455	0.010801386840539995	0.0951483723022153	-71202124.136139	0.009967680476223983	0.0951628128381695	0.004511403959779892	0.127156992301461
20	0.1	0.8	-71273458.9823665	0.015245750918816081	0.0958455604951897	-71273431.0385078	0.010718136012381918	0.0952199409370067	0.0059476082128799845	0.101450416408299
20	0.1	0.8	-71272789.0864113	0.010190006323498091	0.0950723281626273	-71272771.7582237	0.009520658654344039	0.0950620779059056	0.004141069471855996	0.121476992077331
20	0.1	0.8	-71203206.7359196	0.012914388108102082	0.0947355613633683	-71203205.4033133	0.012933724449160078	0.0947329321129494	0.0010812288469350673	0.108169048102378
20	0.1	0.8	-71158862.1222255	0.00964833248239605	0.0956760833670644	-71158862.2057083	0.009746334381703914	0.0957189962493335	0.00024234806640011097	0.105151761091827
20	0.1	0.8	-71201917.3163456	0.011103064998975953	0.0945155895564852	-71201896.8978236	0.007296558910762085	0.0946088458712584	0.005575926007743037	0.101446943275656
20	0.1	0.8	-71141149.8310774	0.0110854549419791	0.0951399386380969	-71141149.7366244	0.010719597510520096	0.0951489129032624	0.0006988810583758998	0.108673957522435
20	0.1	0.8	-71245701.7641082	0.011827286070797083	0.0952320944061036	-71245686.9612006	0.009538523769544893	0.0950475041566263	0.0037174446809430384	0.102829754066605
20	0.1	0.8	-71228397.2739601	0.009106965802478939	0.0951369953305927	-71228379.8362231	0.008453495849981008	0.0951322184871802	0.0037068478302429986	0.127130745979841
20	0.1	0.8	-71169111.6884548	0.00845774939565802	0.0955030115332169	-71169111.6328731	0.007940826495936082	0.0954054217962135	0.0004699146006839072	0.101315789511661
20	0.1	0.8	-71222405.4680853	0.01021114438943993	0.0954159797605674	-71222404.2077578	0.009997728705158027	0.0955365747652824	0.0011713941741821055	0.10599517164967
20	0.1	0.8	-71226027.3714332	0.011885232089922093	0.0954713919379435	-71226017.5061439	0.01126429947144092	0.0954756217659839	0.002556477165604032	0.115476677810401
20	0.1	0.8	-71246940.0911223	0.012034810494743087	0.0954315331504105	-71246920.1414925	0.011021454423316923	0.0952764194251608	0.004122777331504901	0.118337890268892
20	0.1	0.8	-71206369.7751842	0.00838173762469896	0.095083233921181	-71206369.3987687	0.008566239509417928	0.0951783496827142	0.0006549210941749761	0.110628893857253
20	0.1	0.8	-71268283.5463487	0.011125075882796986	0.0952180815500086	-71268227.3144498	0.009267313383256037	0.0951483711668521	0.006205943152983062	0.117104574281045
20	0.1	0.8	-71194637.1485632	0.01095861861799896	0.0948775389725378	-71194617.3832648	0.009851568813000089	0.0948985222299574	0.004012213641799045	0.119830230639184
20	0.1	0.8	-71257692.2559143	0.014619367468862943	0.0952356402522689	-71257660.5557297	0.011057222413016099	0.0951281819056928	0.005912298667694937	0.103855479455849
20	0.1	0.8	-71202096.9811943	0.012178951092477908	0.0956462804373779	-71202072.3540222	0.011552802266398987	0.0957560867159999	0.004247422303739978	0.12803476186777
